3,0,150,6,0,3,1,0
-441.7539,18.01569,blue,30,false
1401.963,902.5707,purple,40,false
3446.204,402.3089,red,40,false
1977.356,383.9843
1990.689,383.9843
2004.023,383.9843
2017.356,383.9843
2030.689,383.9843
2044.023,383.9843
2057.356,383.9843
2070.689,383.9843
2084.023,383.9843
2097.356,383.9843
2110.689,383.9843
2124.023,383.9843
2137.356,383.9843
2150.689,383.9843
2164.023,383.9843
2177.356,383.9843
2190.689,383.9843
2204.023,383.9843
2217.356,383.9843
2230.689,383.9843
2244.023,383.9843
2257.356,383.9843
2270.689,383.9843
2284.023,383.9843
2297.356,383.9843
2310.689,383.9843
2324.023,383.9843
2337.356,383.9843
2350.689,383.9843
2364.023,383.9843
2377.356,383.9843
2390.689,383.9843
2404.023,383.9843
2417.356,383.9843
2430.689,383.9843
2444.023,383.9843
2457.356,383.9843
2470.689,383.9843
2484.023,383.9843
2497.356,383.9843
2510.689,383.9843
2524.023,383.9843
2537.356,383.9843
2550.689,383.9843
2564.023,383.9843
2577.356,383.9843
2590.689,383.9843
2604.023,383.9843
2617.356,383.9843
2630.689,383.9843
2644.023,383.9843
2657.356,383.9843
2670.689,383.9843
2684.023,383.9843
2697.356,383.9843
2710.689,383.9843
2724.023,383.9843
2737.356,383.9843
2750.689,383.9843
2764.023,383.9843
2777.356,383.9843
2790.689,383.9843
2804.023,383.9843
2817.356,383.9843
2830.689,383.9843
2844.023,383.9843
2857.356,383.9843
2870.689,383.9843
2884.023,383.9843
2897.356,383.9843
2910.689,383.9843
2924.023,383.9843
2937.356,383.9843
2950.689,383.9843
2964.023,383.9843
1293.586,-257.9005
1306.92,-257.9005
1320.253,-257.9005
1333.586,-257.9005
1346.92,-257.9005
1360.253,-257.9005
1373.586,-257.9005
1386.92,-257.9005
1400.253,-257.9005
1413.586,-257.9005
1426.92,-257.9005
1440.253,-257.9005
1453.586,-257.9005
1466.92,-257.9005
1480.253,-257.9005
1493.586,-257.9005
1506.92,-257.9005
1520.253,-257.9005
1533.586,-257.9005
1546.92,-257.9005
1560.253,-257.9005
1573.586,-257.9005
1586.92,-257.9005
1600.253,-257.9005
1613.586,-257.9005
1626.92,-257.9005
1640.253,-257.9005
1653.586,-257.9005
1666.92,-257.9005
1680.253,-257.9005
1693.586,-257.9005
1706.92,-257.9005
1720.253,-257.9005
1733.586,-257.9005
1746.92,-257.9005
1760.253,-257.9005
1773.586,-257.9005
1786.92,-257.9005
1800.253,-257.9005
1813.586,-257.9005
1826.92,-257.9005
1840.253,-257.9005
1853.586,-257.9005
1866.92,-257.9005
1880.253,-257.9005
1893.586,-257.9005
1906.92,-257.9005
1920.253,-257.9005
1933.586,-257.9005
1946.92,-257.9005
1960.253,-257.9005
1973.586,-257.9005
1986.92,-257.9005
2000.253,-257.9005
2013.586,-257.9005
2026.92,-257.9005
2040.253,-257.9005
2053.586,-257.9005
2066.92,-257.9005
2080.253,-257.9005
2093.586,-257.9005
2106.92,-257.9005
2120.253,-257.9005
2133.586,-257.9005
2146.92,-257.9005
2160.253,-257.9005
2173.586,-257.9005
2186.92,-257.9005
2200.253,-257.9005
2213.586,-257.9005
2226.92,-257.9005
2240.253,-257.9005
2253.586,-257.9005
2266.92,-257.9005
2280.253,-257.9005
-168.1937,219.5864,blue,30,-157.7225,-69.68061,20,True
58.24608,-97.16753,blue,30,55.62823,218.2775,20,True
265.0524,230.0576,blue,30,271.5969,-99.78534,20,True
533.6387,-103.712,blue,30,536.2565,252.3089,20,True
811.911,245.7644,blue,30,807.9843,-119.4188,20,True
1941.492,384.2461,purple,40,1924.476,-255.8063,20,True
1007.461,58.59161,1292.801,58.59161,orange,30,20
1305.89,233.9843,1299.346,79.534,green,30,20
1392.277,53.356,1311.126,46.81153,aqua,30,20
1356.152,902.5707
