26,0,800,94,0,0,12,0
-420.255,65.66167,red,35,false
-1452.334,854.632,red,35,false
-1274.686,-419.8323,red,35,false
-2378.817,-766.069,red,35,false
3727.954,733.5847,black,400,true
2406.526,354.7395,black,400,true
1049.993,304.2429,black,400,true
4554.799,78.948,black,400,true
5596.282,911.6567,black,400,true
6391.584,-28.96516,black,400,true
7402.189,900.3409,black,400,true
8078.535,25.44469,black,400,true
9658.839,1963.338,orange,35,false
9659.873,1785.117,orange,35,false
9668.729,1616.161,orange,35,false
9668.729,1451.806,orange,35,false
9677.586,1252.016,orange,35,false
9683.363,1080.346,orange,35,false
9687.618,898.0917,orange,35,false
9680.111,753.174,orange,35,false
9680.111,563.795,orange,35,false
9675.684,381.541,orange,35,false
9696.475,205.8065,orange,35,false
9681.824,21.21783,orange,35,false
9699.536,-209.907,orange,35,false
9102.945,970.3451,orange,35,false
1469.765,268.2913
1468.976,293.4075
1466.611,318.4246
1462.68,343.2438
1457.198,367.7672
1450.188,391.8981
1441.676,415.5411
1431.696,438.603
1420.288,460.9928
1407.496,482.622
1393.372,503.4054
1377.97,523.2609
1361.352,542.1102
1343.584,559.8788
1324.734,576.4966
1304.879,591.8981
1284.096,606.0225
1262.466,618.814
1240.077,630.2221
1217.015,640.2019
1193.372,648.7139
1169.241,655.7245
1144.717,661.2062
1119.898,665.1372
1094.881,667.502
1069.765,668.2913
1044.649,667.502
1019.632,665.1371
994.8124,661.2062
970.2889,655.7245
946.1581,648.7139
922.515,640.2018
899.4531,630.2221
877.0634,618.8139
855.4341,606.0225
834.6508,591.8981
814.7953,576.4966
795.946,559.8787
778.1774,542.1101
761.5596,523.2609
746.1581,503.4054
732.0337,482.622
719.2422,460.9927
707.834,438.603
697.8542,415.541
689.3422,391.898
682.3316,367.7672
676.85,343.2438
672.919,318.4246
670.5542,293.4075
669.7649,268.2913
670.5542,243.175
672.919,218.1579
676.85,193.3387
682.3317,168.8153
689.3423,144.6845
697.8543,121.0415
707.834,97.97957
719.2422,75.58981
732.0338,53.96054
746.1581,33.17715
761.5596,13.32165
778.1775,-5.527608
795.9461,-23.29621
814.7953,-39.91405
834.6509,-55.31556
855.4343,-69.43993
877.0635,-82.23145
899.4533,-93.63958
922.5152,-103.6194
946.1581,-112.1313
970.2889,-119.142
994.8123,-124.6236
1019.632,-128.5546
1044.649,-130.9194
1069.765,-131.7087
1094.881,-130.9194
1119.898,-128.5546
1144.717,-124.6236
1169.241,-119.142
1193.372,-112.1313
1217.015,-103.6193
1240.077,-93.63951
1262.466,-82.23135
1284.096,-69.43983
1304.879,-55.31544
1324.735,-39.91393
1343.584,-23.29606
1361.352,-5.527441
1377.97,13.32181
1393.372,33.17731
1407.496,53.96054
1420.288,75.58981
1431.696,97.97958
1441.676,121.0415
1450.188,144.6845
1457.198,168.8154
1462.68,193.3388
1466.611,218.1581
1468.976,243.1751
2811.784,330.9683
2810.995,356.0845
2808.63,381.1016
2804.699,405.9208
2799.218,430.4442
2792.207,454.5751
2783.695,478.2181
2773.715,501.28
2762.307,523.6698
2749.515,545.299
2735.391,566.0824
2719.99,585.9379
2703.372,604.7872
2685.603,622.5558
2666.754,639.1736
2646.898,654.5751
2626.115,668.6995
2604.486,681.491
2582.096,692.8991
2559.034,702.8789
2535.391,711.3909
2511.26,718.4016
2486.737,723.8832
2461.917,727.8142
2436.9,730.179
2411.784,730.9683
2386.668,730.179
2361.651,727.8141
2336.832,723.8832
2312.308,718.4016
2288.177,711.3909
2264.534,702.8788
2241.472,692.8991
2219.083,681.4909
2197.453,668.6995
2176.67,654.5751
2156.815,639.1736
2137.965,622.5557
2120.197,604.7871
2103.579,585.9379
2088.177,566.0823
2074.053,545.299
2061.261,523.6697
2049.853,501.28
2039.874,478.218
2031.362,454.575
2024.351,430.4442
2018.869,405.9208
2014.938,381.1016
2012.573,356.0845
2011.784,330.9683
2012.573,305.8521
2014.938,280.8349
2018.869,256.0157
2024.351,231.4923
2031.362,207.3615
2039.874,183.7185
2049.853,160.6566
2061.261,138.2668
2074.053,116.6376
2088.177,95.85415
2103.579,75.99865
2120.197,57.14939
2137.965,39.3808
2156.815,22.76295
2176.67,7.361444
2197.454,-6.762926
2219.083,-19.55444
2241.473,-30.96258
2264.534,-40.94235
2288.177,-49.4543
2312.308,-56.46497
2336.832,-61.9466
2361.651,-65.87759
2386.668,-68.2424
2411.784,-69.03171
2436.9,-68.2424
2461.917,-65.87759
2486.737,-61.9466
2511.26,-56.46495
2535.391,-49.4543
2559.034,-40.94228
2582.096,-30.96251
2604.486,-19.55434
2626.115,-6.762831
2646.898,7.361563
2666.754,22.76307
2685.603,39.38094
2703.372,57.14956
2719.99,75.99882
2735.391,95.85432
2749.515,116.6376
2762.307,138.2668
2773.715,160.6566
2783.695,183.7185
2792.207,207.3615
2799.218,231.4924
2804.699,256.0158
2808.63,280.8351
2810.995,305.8521
4133.835,716.1627
4133.046,741.2789
4130.681,766.296
4126.75,791.1152
4121.269,815.6387
4114.258,839.7695
4105.746,863.4125
4095.766,886.4744
4084.358,908.8642
4071.567,930.4935
4057.442,951.2768
4042.041,971.1323
4025.423,989.9816
4007.654,1007.75
3988.805,1024.368
3968.949,1039.77
3948.166,1053.894
3926.537,1066.685
3904.147,1078.094
3881.085,1088.073
3857.442,1096.585
3833.311,1103.596
3808.788,1109.078
3783.969,1113.009
3758.952,1115.373
3733.835,1116.163
3708.719,1115.373
3683.702,1113.009
3658.883,1109.078
3634.359,1103.596
3610.229,1096.585
3586.586,1088.073
3563.524,1078.094
3541.134,1066.685
3519.505,1053.894
3498.721,1039.77
3478.866,1024.368
3460.017,1007.75
3442.248,989.9816
3425.63,971.1323
3410.229,951.2768
3396.104,930.4934
3383.313,908.8641
3371.905,886.4744
3361.925,863.4125
3353.413,839.7694
3346.402,815.6387
3340.921,791.1152
3336.99,766.296
3334.625,741.2789
3333.835,716.1627
3334.625,691.0464
3336.99,666.0294
3340.921,641.2101
3346.402,616.6867
3353.413,592.5559
3361.925,568.9129
3371.905,545.851
3383.313,523.4612
3396.104,501.832
3410.229,481.0486
3425.63,461.1931
3442.248,442.3438
3460.017,424.5752
3478.866,407.9574
3498.721,392.5559
3519.505,378.4315
3541.134,365.64
3563.524,354.2318
3586.586,344.2521
3610.229,335.7401
3634.359,328.7295
3658.883,323.2478
3683.702,319.3168
3708.719,316.952
3733.835,316.1627
3758.952,316.952
3783.969,319.3168
3808.788,323.2478
3833.312,328.7295
3857.442,335.7401
3881.085,344.2521
3904.147,354.2319
3926.537,365.6401
3948.166,378.4316
3968.95,392.556
3988.805,407.9575
4007.654,424.5754
4025.423,442.344
4042.041,461.1932
4057.442,481.0487
4071.567,501.832
4084.358,523.4612
4095.766,545.851
4105.746,568.9129
4114.258,592.556
4121.269,616.6868
4126.75,641.2102
4130.681,666.0295
4133.046,691.0466
4991.143,49.56256
4990.354,74.67877
4987.989,99.69585
4984.058,124.5151
4978.576,149.0385
4971.566,173.1694
4963.054,196.8124
4953.074,219.8743
4941.666,242.264
4928.874,263.8933
4914.75,284.6767
4899.348,304.5322
4882.73,323.3814
4864.962,341.15
4846.113,357.7679
4826.257,373.1694
4805.474,387.2937
4783.845,400.0852
4761.455,411.4934
4738.393,421.4731
4714.75,429.9852
4690.619,436.9958
4666.096,442.4775
4641.276,446.4084
4616.259,448.7733
4591.143,449.5626
4566.027,448.7733
4541.01,446.4084
4516.19,442.4774
4491.667,436.9958
4467.536,429.9852
4443.893,421.4731
4420.832,411.4933
4398.441,400.0852
4376.813,387.2937
4356.029,373.1694
4336.173,357.7679
4317.324,341.15
4299.556,323.3814
4282.938,304.5321
4267.536,284.6766
4253.412,263.8932
4240.621,242.264
4229.212,219.8742
4219.232,196.8123
4210.72,173.1693
4203.71,149.0385
4198.228,124.5151
4194.297,99.69585
4191.933,74.67875
4191.143,49.56253
4191.933,24.44631
4194.297,-0.5707865
4198.228,-25.39003
4203.71,-49.91347
4210.72,-74.04423
4219.232,-97.68726
4229.212,-120.7492
4240.621,-143.1389
4253.412,-164.7682
4267.536,-185.5516
4282.938,-205.4071
4299.556,-224.2563
4317.324,-242.0249
4336.173,-258.6428
4356.029,-274.0443
4376.813,-288.1687
4398.442,-300.9602
4420.832,-312.3683
4443.894,-322.3481
4467.536,-330.86
4491.667,-337.8707
4516.19,-343.3523
4541.01,-347.2833
4566.027,-349.6481
4591.143,-350.4374
4616.259,-349.6481
4641.276,-347.2833
4666.096,-343.3523
4690.619,-337.8707
4714.75,-330.86
4738.393,-322.348
4761.455,-312.3682
4783.845,-300.9601
4805.474,-288.1685
4826.257,-274.0442
4846.113,-258.6427
4864.962,-242.0248
4882.73,-224.2562
4899.349,-205.4069
4914.75,-185.5514
4928.874,-164.7682
4941.666,-143.1389
4953.074,-120.7492
4963.054,-97.68726
4971.566,-74.04422
4978.576,-49.91336
4984.058,-25.38993
4987.989,-0.5706851
4990.354,24.44641
6007.105,923.644
6006.315,948.7602
6003.951,973.7773
6000.02,998.5965
5994.538,1023.12
5987.528,1047.251
5979.016,1070.894
5969.036,1093.956
5957.627,1116.345
5944.836,1137.975
5930.712,1158.758
5915.31,1178.614
5898.692,1197.463
5880.924,1215.231
5862.075,1231.849
5842.219,1247.251
5821.436,1261.375
5799.807,1274.167
5777.417,1285.575
5754.355,1295.555
5730.712,1304.067
5706.581,1311.077
5682.058,1316.559
5657.238,1320.49
5632.221,1322.855
5607.105,1323.644
5581.989,1322.855
5556.972,1320.49
5532.152,1316.559
5507.629,1311.077
5483.498,1304.067
5459.855,1295.555
5436.793,1285.575
5414.403,1274.167
5392.774,1261.375
5371.991,1247.251
5352.135,1231.849
5333.286,1215.231
5315.518,1197.463
5298.9,1178.614
5283.498,1158.758
5269.374,1137.975
5256.583,1116.345
5245.174,1093.956
5235.194,1070.894
5226.682,1047.251
5219.672,1023.12
5214.19,998.5965
5210.259,973.7773
5207.895,948.7602
5207.105,923.6439
5207.895,898.5277
5210.259,873.5106
5214.19,848.6914
5219.672,824.168
5226.682,800.0372
5235.194,776.3942
5245.174,753.3323
5256.583,730.9425
5269.374,709.3132
5283.498,688.5298
5298.9,668.6743
5315.518,649.8251
5333.286,632.0565
5352.135,615.4387
5371.991,600.0371
5392.774,585.9128
5414.404,573.1213
5436.793,561.7131
5459.855,551.7333
5483.498,543.2214
5507.629,536.2107
5532.152,530.7291
5556.972,526.7981
5581.989,524.4333
5607.105,523.644
5632.221,524.4333
5657.238,526.7981
5682.058,530.7291
5706.581,536.2108
5730.712,543.2214
5754.355,551.7334
5777.417,561.7132
5799.807,573.1213
5821.436,585.9128
5842.219,600.0372
5862.075,615.4388
5880.924,632.0566
5898.692,649.8253
5915.311,668.6745
5930.712,688.53
5944.836,709.3132
5957.627,730.9425
5969.036,753.3323
5979.016,776.3942
5987.528,800.0372
5994.538,824.168
6000.02,848.6915
6003.951,873.5107
6006.315,898.5278
6797.65,-39.99884
6796.86,-14.88263
6794.496,10.13445
6790.565,34.95369
6785.083,59.47712
6778.073,83.60796
6769.561,107.251
6759.581,130.3129
6748.172,152.7026
6735.381,174.3319
6721.257,195.1153
6705.855,214.9708
6689.237,233.82
6671.469,251.5886
6652.62,268.2065
6632.764,283.608
6611.98,297.7323
6590.352,310.5238
6567.961,321.932
6544.9,331.9117
6521.257,340.4238
6497.126,347.4344
6472.603,352.9161
6447.783,356.847
6422.766,359.2119
6397.65,360.0012
6372.534,359.2119
6347.517,356.847
6322.697,352.916
6298.174,347.4344
6274.043,340.4238
6250.4,331.9117
6227.338,321.9319
6204.948,310.5238
6183.319,297.7323
6162.536,283.608
6142.68,268.2065
6123.831,251.5886
6106.063,233.82
6089.445,214.9707
6074.043,195.1152
6059.919,174.3319
6047.127,152.7026
6035.719,130.3128
6025.739,107.2509
6017.227,83.60788
6010.217,59.47712
6004.735,34.95368
6000.804,10.13444
5998.439,-14.88266
5997.65,-39.99887
5998.439,-65.1151
6000.804,-90.13219
6004.735,-114.9514
6010.217,-139.4749
6017.227,-163.6056
6025.739,-187.2487
6035.719,-210.3106
6047.127,-232.7003
6059.919,-254.3296
6074.043,-275.113
6089.445,-294.9685
6106.063,-313.8177
6123.831,-331.5863
6142.68,-348.2042
6162.536,-363.6057
6183.319,-377.7301
6204.949,-390.5216
6227.338,-401.9297
6250.4,-411.9095
6274.043,-420.4214
6298.174,-427.4321
6322.697,-432.9137
6347.517,-436.8447
6372.534,-439.2095
6397.65,-439.9988
6422.766,-439.2095
6447.783,-436.8447
6472.603,-432.9137
6497.126,-427.4321
6521.257,-420.4214
6544.9,-411.9094
6567.962,-401.9296
6590.352,-390.5215
6611.98,-377.7299
6632.764,-363.6056
6652.62,-348.2041
6671.469,-331.5862
6689.237,-313.8176
6705.855,-294.9683
6721.257,-275.1128
6735.381,-254.3296
6748.172,-232.7003
6759.581,-210.3105
6769.561,-187.2487
6778.073,-163.6056
6785.083,-139.4748
6790.565,-114.9513
6794.496,-90.13209
6796.86,-65.11499
7826.048,912.589
7825.258,937.7052
7822.894,962.7223
7818.963,987.5415
7813.481,1012.065
7806.471,1036.196
7797.958,1059.839
7787.979,1082.901
7776.57,1105.291
7763.779,1126.92
7749.655,1147.703
7734.253,1167.559
7717.635,1186.408
7699.867,1204.177
7681.018,1220.794
7661.162,1236.196
7640.378,1250.32
7618.75,1263.112
7596.359,1274.52
7573.298,1284.5
7549.655,1293.012
7525.524,1300.022
7501,1305.504
7476.181,1309.435
7451.164,1311.8
7426.048,1312.589
7400.932,1311.8
7375.915,1309.435
7351.095,1305.504
7326.572,1300.022
7302.441,1293.012
7278.798,1284.5
7255.736,1274.52
7233.346,1263.112
7211.717,1250.32
7190.934,1236.196
7171.078,1220.794
7152.229,1204.176
7134.46,1186.408
7117.843,1167.559
7102.441,1147.703
7088.317,1126.92
7075.525,1105.29
7064.117,1082.901
7054.137,1059.839
7045.625,1036.196
7038.615,1012.065
7033.133,987.5415
7029.202,962.7223
7026.837,937.7052
7026.048,912.5889
7026.837,887.4727
7029.202,862.4556
7033.133,837.6364
7038.615,813.113
7045.625,788.9822
7054.137,765.3392
7064.117,742.2773
7075.525,719.8875
7088.317,698.2582
7102.441,677.4749
7117.843,657.6193
7134.46,638.7701
7152.229,621.0015
7171.078,604.3837
7190.934,588.9821
7211.717,574.8578
7233.347,562.0663
7255.736,550.6581
7278.798,540.6783
7302.441,532.1664
7326.572,525.1557
7351.095,519.6741
7375.915,515.7431
7400.932,513.3783
7426.048,512.589
7451.164,513.3783
7476.181,515.7431
7501,519.6741
7525.524,525.1558
7549.655,532.1664
7573.298,540.6784
7596.36,550.6582
7618.75,562.0663
7640.378,574.8578
7661.162,588.9822
7681.018,604.3838
7699.867,621.0016
7717.635,638.7703
7734.253,657.6195
7749.655,677.475
7763.779,698.2582
7776.57,719.8875
7787.979,742.2773
7797.958,765.3392
7806.471,788.9822
7813.481,813.113
7818.963,837.6365
7822.894,862.4557
7825.258,887.4728
8504.541,-4.334473
8503.752,20.78174
8501.388,45.79882
8497.456,70.61805
8491.975,95.14149
8484.964,119.2723
8476.452,142.9153
8466.473,165.9772
8455.064,188.367
8442.272,209.9962
8428.148,230.7796
8412.747,250.6351
8396.129,269.4844
8378.36,287.253
8359.511,303.8708
8339.655,319.2723
8318.872,333.3967
8297.243,346.1882
8274.854,357.5963
8251.791,367.5761
8228.148,376.0881
8204.018,383.0988
8179.494,388.5804
8154.675,392.5114
8129.658,394.8762
8104.542,395.6655
8079.425,394.8762
8054.408,392.5114
8029.589,388.5804
8005.065,383.0988
7980.935,376.0881
7957.292,367.5761
7934.23,357.5963
7911.84,346.1882
7890.211,333.3967
7869.427,319.2723
7849.572,303.8708
7830.723,287.253
7812.954,269.4843
7796.336,250.6351
7780.935,230.7796
7766.811,209.9962
7754.019,188.3669
7742.611,165.9772
7732.631,142.9153
7724.119,119.2722
7717.108,95.14149
7711.626,70.61805
7707.696,45.79881
7705.331,20.78171
7704.542,-4.334507
7705.331,-29.45073
7707.696,-54.46782
7711.626,-79.28706
7717.108,-103.8105
7724.119,-127.9413
7732.631,-151.5843
7742.611,-174.6462
7754.019,-197.0359
7766.811,-218.6652
7780.935,-239.4486
7796.336,-259.3041
7812.954,-278.1534
7830.723,-295.922
7849.572,-312.5398
7869.427,-327.9413
7890.211,-342.0657
7911.84,-354.8572
7934.23,-366.2654
7957.292,-376.2451
7980.935,-384.7571
8005.065,-391.7677
8029.589,-397.2494
8054.408,-401.1804
8079.425,-403.5452
8104.542,-404.3345
8129.658,-403.5452
8154.675,-401.1804
8179.494,-397.2494
8204.018,-391.7677
8228.148,-384.7571
8251.791,-376.2451
8274.854,-366.2653
8297.243,-354.8571
8318.872,-342.0656
8339.655,-327.9412
8359.511,-312.5397
8378.36,-295.9218
8396.129,-278.1532
8412.747,-259.304
8428.148,-239.4485
8442.272,-218.6652
8455.064,-197.0359
8466.473,-174.6462
8476.452,-151.5843
8484.964,-127.9413
8491.975,-103.8104
8497.456,-79.28696
8501.388,-54.46772
8503.752,-29.45062
-492.6387,717.0319,green,55,1,-1,35,False
260.7842,625.0072,green,55,1,-1,35,False
519.5389,942.0319,green,55,1,-1,35,False
1333.507,851.6348,green,55,1,-1,35,False
1925.318,1301.635,green,55,1,-1,35,False
2311.643,867.9596,green,55,1,-1,35,False
2931.7,950.3652,green,55,1,-1,35,False
-1098.451,1073.168,green,55,1,-1,55,False
-39.56573,986.4166,green,55,1,-1,55,False
944.8707,1189.314,green,55,1,-1,55,False
790.3242,591.8529,green,55,1,-1,55,False
1615.705,1179.353,green,55,1,-1,55,False
1878.269,558.5195,green,55,1,-1,55,False
2403.561,1233.699,green,55,1,-1,55,False
2757.814,729.5319,green,55,1,-1,55,False
3252.856,1251.993,green,55,1,-1,55,False
-499.9808,-395.4681,green,55,1,1,55,False
-66.54175,-174.6348,green,55,1,1,55,False
119.7342,-533.3262,green,55,1,1,55,False
807.744,-499.9929,green,55,1,1,55,False
1177.919,-138.7624,green,55,1,1,55,False
495.6885,-191.6595,green,55,1,1,55,False
1634.508,-449.9929,green,55,1,1,55,False
1940.035,-85.86523,green,55,1,1,55,False
2303.487,-357.9681,green,55,1,1,55,False
2566.23,-63.4043,green,55,1,1,55,False
3012.173,-421.7376,green,55,1,1,55,False
2996.072,171.0195,green,55,1,1,55,False
-1855.976,-833.4727,green,55,1,1,55,False
3957.554,1220.574,green,55,1,1,45,False
4174.765,899.2742,green,55,1,1,45,False
4746.624,1112.556,green,55,1,1,45,False
5192.554,1353.651,green,55,1,1,45,False
6070.823,1197.791,green,55,1,1,45,False
6525.31,1036.228,green,55,1,1,45,False
6837.105,1208.494,green,55,1,1,45,False
7141.72,1370.73,green,55,1,1,45,False
7782.394,1411.745,green,55,1,1,45,False
8192.65,1042.605,green,55,1,1,45,False
4495.342,1379.958,green,55,1,1,35,False
4963.387,747.2921,green,55,1,1,35,False
6164.509,786.4813,green,55,1,1,35,False
5603.387,1382.81,green,55,1,1,35,False
6189.124,1798.67,green,55,1,1,35,False
6408.515,1420.974,green,55,1,1,35,False
6861.176,815.0963,green,55,1,1,35,False
6929.989,1674.598,green,55,1,1,35,False
7655.919,1586.863,green,55,1,1,35,False
8451.816,1373.581,green,55,1,1,35,False
7931.72,831.5023,green,55,1,1,35,False
4306.849,1600.065,green,55,1,1,35,False
4835.182,1616.471,green,55,1,1,35,False
3686.464,1526.236,green,55,1,1,35,False
3442.137,-315.5894,green,55,1,-1,35,False
3782.426,164.069,green,55,1,-1,35,False
4078.163,-418.6731,green,55,1,-1,35,False
4813.419,-462.1883,green,55,1,-1,35,False
4868.002,-343.8197,green,55,1,-1,35,False
5279.284,-80.2942,green,55,1,-1,35,False
5295.694,-352.3753,green,55,1,-1,35,False
6131.944,361.2967,green,55,1,-1,35,False
4540.919,851.209,green,55,1,-1,35,False
3607.009,1174.688,green,55,1,-1,35,False
5301.175,1935.079,green,55,1,-1,35,False
5131.368,1045.264,green,55,1,-1,35,False
6099.573,1545.655,green,55,1,-1,35,False
6813.419,1940.078,green,55,1,-1,35,False
6728.867,1436.483,green,55,1,-1,35,False
8013.067,1729.296,green,55,1,-1,35,False
7069.477,2008.202,green,55,1,-1,35,False
7910.277,1083.075,green,55,1,-1,35,False
5510.855,1802.099,green,55,1,-1,35,False
4115.983,1933.349,green,55,1,-1,35,False
3039.733,1585.293,green,55,1,-1,35,False
5780.695,-482.9203,green,55,1,1,35,False
5714.701,-15.34216,green,55,1,1,35,False
6604.06,-450.1078,green,55,1,1,35,False
7583.675,-340.9679,green,55,1,1,35,False
7057.169,203.6109,green,55,1,1,35,False
6999.733,-181.9361,green,55,1,1,35,False
7606.56,228.5725,green,55,1,1,35,False
8246.561,441.8539,green,55,1,1,35,False
9264.67,269.5883,green,55,1,1,35,False
8906.176,-291.3965,green,55,1,1,35,False
8906.497,94.82325,green,55,1,1,35,False
8490.214,-295.7224,green,55,1,1,35,False
7021.496,-599.2381,green,55,1,1,35,False
6142.842,-756.924,green,55,1,1,35,False
5831.047,-289.3459,green,55,1,1,35,False
5215.663,-625.674,green,55,1,1,35,False
4444.38,-683.0959,green,55,1,1,35,False
5276.656,233.4752,green,55,1,1,35,False
3995.278,-188.0564,green,55,1,1,35,False
3571.816,-740.1973,green,55,1,1,35,False
6509.861,1258.417
2776.624,-385.7325
1868.611,912.8135
7848.932,555.0482
1069.765,268.2913
2411.784,330.9683
3733.835,716.1627
4591.143,49.56256
5607.105,923.644
6397.65,-39.99884
7426.048,912.589
8104.542,-4.334473
