16,0,1400,22,0,0,0,0,0
-382.8975,122.2361,red,35,false
-1436.227,867.89,red,35,false
-1448.919,-404.7663,red,35,false
191.1355,774.6298,orange,35,false
493.2509,-279.5771,orange,35,false
1368.856,188.001,orange,35,false
994.7482,759.9767,orange,35,false
1958.305,-456.7118,orange,35,false
2964.801,-121.2952,orange,35,false
2205.764,562.0321,orange,35,false
1942.158,1274.793,orange,35,false
3158.34,981.3029,orange,35,false
3899.405,-616.0908,orange,35,false
4182.294,367.2068,orange,35,false
3766.595,1126.784,orange,35,false
4765.618,367.4733,orange,35,false
720.4562,1470.179
719.6669,1495.295
717.3021,1520.313
713.3712,1545.132
707.8895,1569.655
700.8788,1593.786
692.3668,1617.429
682.3871,1640.491
670.9789,1662.881
658.1874,1684.51
644.063,1705.293
628.6616,1725.149
612.0437,1743.998
594.2751,1761.767
575.4258,1778.385
555.5703,1793.786
534.7869,1807.91
513.1577,1820.702
490.768,1832.11
467.7061,1842.09
444.063,1850.602
419.9322,1857.612
395.4087,1863.094
370.5895,1867.025
345.5724,1869.39
320.4562,1870.179
295.34,1869.39
270.3229,1867.025
245.5037,1863.094
220.9803,1857.612
196.8494,1850.602
173.2064,1842.09
150.1445,1832.11
127.7547,1820.702
106.1255,1807.91
85.34216,1793.786
65.48664,1778.385
46.63739,1761.767
28.86879,1743.998
12.25092,1725.149
-3.150587,1705.293
-17.27496,1684.51
-30.06645,1662.881
-41.47461,1640.491
-51.45438,1617.429
-59.9664,1593.786
-66.97703,1569.655
-72.45866,1545.132
-76.38965,1520.313
-78.75446,1495.295
-79.54376,1470.179
-78.75446,1445.063
-76.38963,1420.046
-72.45866,1395.227
-66.97701,1370.703
-59.96638,1346.572
-51.45436,1322.929
-41.47459,1299.867
-30.06642,1277.478
-17.27491,1255.849
-3.150539,1235.065
12.25097,1215.21
28.86884,1196.36
46.63746,1178.592
65.48671,1161.974
85.34221,1146.572
106.1256,1132.448
127.7549,1119.656
150.1446,1108.248
173.2065,1098.269
196.8494,1089.757
220.9802,1082.746
245.5037,1077.264
270.3229,1073.333
295.34,1070.969
320.4562,1070.179
345.5724,1070.969
370.5896,1073.333
395.4088,1077.264
419.9322,1082.746
444.0631,1089.757
467.7061,1098.269
490.768,1108.248
513.1578,1119.657
534.787,1132.448
555.5704,1146.573
575.4259,1161.974
594.2752,1178.592
612.0438,1196.36
628.6616,1215.21
644.0631,1235.065
658.1874,1255.849
670.9789,1277.478
682.3871,1299.867
692.3668,1322.929
700.8788,1346.572
707.8895,1370.703
713.3712,1395.227
717.3021,1420.046
719.6669,1445.063
1155.486,-97.50062
1154.696,-72.38441
1152.332,-47.36732
1148.401,-22.54809
1142.919,1.975344
1135.908,26.10618
1127.396,49.7492
1117.417,72.8111
1106.008,95.20087
1093.217,116.8301
1079.093,137.6135
1063.691,157.469
1047.073,176.3182
1029.305,194.0869
1010.455,210.7047
990.5999,226.1062
969.8165,240.2306
948.1873,253.0221
925.7975,264.4302
902.7356,274.41
879.0926,282.922
854.9617,289.9326
830.4383,295.4143
805.6191,299.3453
780.602,301.7101
755.4858,302.4994
730.3696,301.7101
705.3525,299.3452
680.5333,295.4143
656.0098,289.9326
631.879,282.922
608.2359,274.4099
585.174,264.4302
562.7842,253.022
541.155,240.2305
520.3717,226.1062
500.5162,210.7047
481.6669,194.0868
463.8983,176.3182
447.2805,157.4689
431.879,137.6134
417.7546,116.8301
404.9631,95.20081
393.5549,72.81105
383.5752,49.74914
375.0631,26.1061
368.0525,1.975344
362.5709,-22.5481
358.6399,-47.36734
356.2751,-72.38443
355.4858,-97.50066
356.2751,-122.6169
358.6399,-147.634
362.5709,-172.4532
368.0526,-196.9766
375.0632,-221.1074
383.5752,-244.7504
393.555,-267.8123
404.9631,-290.2021
417.7546,-311.8314
431.879,-332.6148
447.2805,-352.4703
463.8984,-371.3195
481.667,-389.0881
500.5163,-405.706
520.3718,-421.1075
541.1552,-435.2318
562.7844,-448.0233
585.1742,-459.4315
608.2361,-469.4113
631.879,-477.9232
656.0098,-484.9339
680.5332,-490.4155
705.3525,-494.3465
730.3696,-496.7113
755.4858,-497.5006
780.602,-496.7113
805.6191,-494.3465
830.4384,-490.4155
854.9618,-484.9339
879.0927,-477.9232
902.7357,-469.4112
925.7975,-459.4314
948.1873,-448.0233
969.8166,-435.2318
990.6,-421.1074
1010.455,-405.7058
1029.305,-389.088
1047.073,-371.3193
1063.691,-352.4701
1079.093,-332.6146
1093.217,-311.8314
1106.008,-290.2021
1117.417,-267.8123
1127.396,-244.7504
1135.908,-221.1074
1142.919,-196.9765
1148.401,-172.4531
1152.332,-147.6339
1154.696,-122.6168
2758.91,1610.349
2758.121,1635.466
2755.756,1660.483
2751.825,1685.302
2746.343,1709.825
2739.333,1733.956
2730.821,1757.599
2720.841,1780.661
2709.433,1803.051
2696.641,1824.68
2682.517,1845.464
2667.115,1865.319
2650.497,1884.168
2632.729,1901.937
2613.879,1918.555
2594.024,1933.956
2573.241,1948.081
2551.611,1960.872
2529.222,1972.28
2506.16,1982.26
2482.517,1990.772
2458.386,1997.783
2433.862,2003.264
2409.043,2007.195
2384.026,2009.56
2358.91,2010.349
2333.794,2009.56
2308.777,2007.195
2283.957,2003.264
2259.434,1997.783
2235.303,1990.772
2211.66,1982.26
2188.598,1972.28
2166.208,1960.872
2144.579,1948.081
2123.796,1933.956
2103.94,1918.555
2085.091,1901.937
2067.323,1884.168
2050.705,1865.319
2035.303,1845.464
2021.179,1824.68
2008.387,1803.051
1996.979,1780.661
1986.999,1757.599
1978.487,1733.956
1971.477,1709.825
1965.995,1685.302
1962.064,1660.483
1959.699,1635.466
1958.91,1610.349
1959.699,1585.233
1962.064,1560.216
1965.995,1535.397
1971.477,1510.873
1978.487,1486.743
1986.999,1463.1
1996.979,1440.038
2008.387,1417.648
2021.179,1396.019
2035.303,1375.235
2050.705,1355.38
2067.323,1336.531
2085.091,1318.762
2103.94,1302.144
2123.796,1286.743
2144.579,1272.618
2166.208,1259.827
2188.598,1248.419
2211.66,1238.439
2235.303,1229.927
2259.434,1222.916
2283.957,1217.435
2308.777,1213.504
2333.794,1211.139
2358.91,1210.349
2384.026,1211.139
2409.043,1213.504
2433.863,1217.435
2458.386,1222.916
2482.517,1229.927
2506.16,1238.439
2529.222,1248.419
2551.612,1259.827
2573.241,1272.618
2594.024,1286.743
2613.88,1302.144
2632.729,1318.762
2650.498,1336.531
2667.115,1355.38
2682.517,1375.235
2696.641,1396.019
2709.433,1417.648
2720.841,1440.038
2730.821,1463.1
2739.333,1486.743
2746.343,1510.874
2751.825,1535.397
2755.756,1560.216
2758.121,1585.233
2806.089,528.5746
2805.3,553.6908
2802.935,578.7079
2799.004,603.5271
2793.522,628.0505
2786.512,652.1814
2778,675.8244
2768.02,698.8863
2756.612,721.2761
2743.82,742.9053
2729.696,763.6887
2714.294,783.5442
2697.677,802.3934
2679.908,820.162
2661.059,836.7799
2641.203,852.1814
2620.42,866.3058
2598.791,879.0973
2576.401,890.5054
2553.339,900.4852
2529.696,908.9972
2505.565,916.0079
2481.042,921.4895
2456.222,925.4205
2431.205,927.7853
2406.089,928.5746
2380.973,927.7853
2355.956,925.4205
2331.136,921.4895
2306.613,916.0079
2282.482,908.9972
2258.839,900.4852
2235.777,890.5054
2213.388,879.0972
2191.758,866.3057
2170.975,852.1814
2151.12,836.7799
2132.27,820.162
2114.502,802.3934
2097.884,783.5441
2082.482,763.6887
2068.358,742.9053
2055.566,721.276
2044.158,698.8862
2034.178,675.8243
2025.667,652.1813
2018.656,628.0505
2013.174,603.5271
2009.243,578.7079
2006.878,553.6908
2006.089,528.5745
2006.878,503.4583
2009.243,478.4412
2013.174,453.622
2018.656,429.0986
2025.667,404.9678
2034.178,381.3248
2044.158,358.2628
2055.566,335.8731
2068.358,314.2438
2082.482,293.4604
2097.884,273.6049
2114.502,254.7557
2132.27,236.9871
2151.12,220.3692
2170.975,204.9677
2191.759,190.8434
2213.388,178.0518
2235.778,166.6437
2258.839,156.6639
2282.482,148.152
2306.613,141.1413
2331.136,135.6597
2355.956,131.7287
2380.973,129.3639
2406.089,128.5746
2431.205,129.3639
2456.222,131.7287
2481.042,135.6597
2505.565,141.1413
2529.696,148.152
2553.339,156.664
2576.401,166.6438
2598.791,178.0519
2620.42,190.8435
2641.203,204.9678
2661.059,220.3694
2679.908,236.9872
2697.677,254.7559
2714.294,273.6051
2729.696,293.4606
2743.82,314.2438
2756.612,335.8731
2768.02,358.2629
2778,381.3248
2786.512,404.9678
2793.522,429.0987
2799.004,453.6221
2802.935,478.4413
2805.3,503.4584
4350.402,-236.2704
4349.612,-211.1542
4347.248,-186.1371
4343.317,-161.3179
4337.835,-136.7945
4330.825,-112.6636
4322.313,-89.02063
4312.333,-65.95873
4300.924,-43.56896
4288.133,-21.93973
4274.009,-1.156349
4258.607,18.69917
4241.989,37.5484
4224.221,55.31702
4205.372,71.93484
4185.516,87.33636
4164.732,101.4607
4143.104,114.2522
4120.713,125.6604
4097.652,135.6402
4074.009,144.1522
4049.878,151.1628
4025.354,156.6445
4000.535,160.5754
3975.518,162.9402
3950.402,163.7296
3925.286,162.9402
3900.269,160.5754
3875.449,156.6444
3850.926,151.1628
3826.795,144.1521
3803.152,135.6401
3780.09,125.6604
3757.7,114.2522
3736.071,101.4607
3715.288,87.33636
3695.432,71.93484
3676.583,55.317
3658.814,37.54838
3642.197,18.69913
3626.795,-1.156373
3612.671,-21.93975
3599.879,-43.56902
3588.471,-65.95878
3578.491,-89.02069
3569.979,-112.6637
3562.969,-136.7945
3557.487,-161.3179
3553.556,-186.1372
3551.191,-211.1543
3550.402,-236.2705
3551.191,-261.3867
3553.556,-286.4038
3557.487,-311.223
3562.969,-335.7465
3569.979,-359.8772
3578.491,-383.5203
3588.471,-406.5822
3599.879,-428.9719
3612.671,-450.6012
3626.795,-471.3846
3642.197,-491.2401
3658.814,-510.0894
3676.583,-527.858
3695.432,-544.4758
3715.288,-559.8773
3736.071,-574.0016
3757.7,-586.7932
3780.09,-598.2013
3803.152,-608.1811
3826.795,-616.6931
3850.926,-623.7037
3875.449,-629.1854
3900.269,-633.1163
3925.286,-635.4811
3950.402,-636.2704
3975.518,-635.4811
4000.535,-633.1163
4025.354,-629.1854
4049.878,-623.7037
4074.009,-616.6931
4097.652,-608.181
4120.714,-598.2012
4143.104,-586.7931
4164.732,-574.0016
4185.516,-559.8772
4205.372,-544.4756
4224.221,-527.8578
4241.989,-510.0892
4258.607,-491.2399
4274.009,-471.3844
4288.133,-450.6012
4300.924,-428.9719
4312.333,-406.5822
4322.313,-383.5203
4330.825,-359.8772
4337.835,-335.7464
4343.317,-311.2229
4347.248,-286.4037
4349.612,-261.3866
4569.43,1111.348
4568.64,1136.464
4566.275,1161.481
4562.345,1186.3
4556.863,1210.824
4549.853,1234.955
4541.34,1258.598
4531.36,1281.66
4519.952,1304.049
4507.161,1325.678
4493.037,1346.462
4477.635,1366.317
4461.017,1385.167
4443.249,1402.935
4424.399,1419.553
4404.544,1434.955
4383.76,1449.079
4362.131,1461.87
4339.741,1473.279
4316.68,1483.258
4293.037,1491.77
4268.906,1498.781
4244.382,1504.263
4219.563,1508.194
4194.546,1510.558
4169.43,1511.348
4144.313,1510.558
4119.296,1508.194
4094.477,1504.263
4069.954,1498.781
4045.823,1491.77
4022.18,1483.258
3999.118,1473.279
3976.728,1461.87
3955.099,1449.079
3934.316,1434.955
3914.46,1419.553
3895.611,1402.935
3877.842,1385.167
3861.224,1366.317
3845.823,1346.462
3831.698,1325.678
3818.907,1304.049
3807.499,1281.659
3797.519,1258.598
3789.007,1234.954
3781.996,1210.824
3776.515,1186.3
3772.584,1161.481
3770.219,1136.464
3769.43,1111.348
3770.219,1086.232
3772.584,1061.214
3776.515,1036.395
3781.996,1011.872
3789.007,987.741
3797.519,964.098
3807.499,941.0361
3818.907,918.6463
3831.698,897.017
3845.823,876.2336
3861.224,856.3781
3877.842,837.5289
3895.611,819.7603
3914.46,803.1425
3934.316,787.7409
3955.099,773.6166
3976.728,760.8251
3999.118,749.4169
4022.18,739.4371
4045.823,730.9252
4069.954,723.9145
4094.477,718.4329
4119.296,714.5019
4144.313,712.1371
4169.43,711.3478
4194.546,712.1371
4219.563,714.5019
4244.382,718.4329
4268.906,723.9146
4293.037,730.9252
4316.68,739.4372
4339.742,749.417
4362.131,760.8251
4383.76,773.6166
4404.544,787.741
4424.399,803.1426
4443.249,819.7604
4461.017,837.5291
4477.635,856.3783
4493.037,876.2338
4507.161,897.017
4519.952,918.6463
4531.36,941.0361
4541.34,964.098
4549.853,987.741
4556.863,1011.872
4562.345,1036.395
4566.275,1061.214
4568.64,1086.232
2767.929,-916.2012
2767.14,-891.085
2764.775,-866.0679
2760.844,-841.2487
2755.363,-816.7253
2748.352,-792.5944
2739.84,-768.9514
2729.86,-745.8895
2718.452,-723.4998
2705.66,-701.8705
2691.536,-681.0872
2676.135,-661.2316
2659.517,-642.3824
2641.748,-624.6138
2622.899,-607.9959
2603.043,-592.5944
2582.26,-578.4701
2560.631,-565.6785
2538.241,-554.2704
2515.179,-544.2906
2491.536,-535.7786
2467.405,-528.7679
2442.882,-523.2863
2418.063,-519.3553
2393.045,-516.9905
2367.929,-516.2012
2342.813,-516.9905
2317.796,-519.3553
2292.977,-523.2863
2268.453,-528.7679
2244.322,-535.7786
2220.679,-544.2906
2197.617,-554.2704
2175.228,-565.6786
2153.598,-578.4701
2132.815,-592.5944
2112.96,-607.9959
2094.11,-624.6138
2076.342,-642.3824
2059.724,-661.2317
2044.322,-681.0872
2030.198,-701.8705
2017.406,-723.4998
2005.998,-745.8896
1996.019,-768.9515
1987.507,-792.5945
1980.496,-816.7253
1975.014,-841.2487
1971.083,-866.0679
1968.719,-891.085
1967.929,-916.2013
1968.719,-941.3175
1971.083,-966.3346
1975.014,-991.1538
1980.496,-1015.677
1987.507,-1039.808
1996.019,-1063.451
2005.998,-1086.513
2017.406,-1108.903
2030.198,-1130.532
2044.322,-1151.315
2059.724,-1171.171
2076.342,-1190.02
2094.11,-1207.789
2112.96,-1224.407
2132.815,-1239.808
2153.599,-1253.932
2175.228,-1266.724
2197.618,-1278.132
2220.679,-1288.112
2244.322,-1296.624
2268.453,-1303.635
2292.977,-1309.116
2317.796,-1313.047
2342.813,-1315.412
2367.929,-1316.201
2393.045,-1315.412
2418.063,-1313.047
2442.882,-1309.116
2467.405,-1303.635
2491.536,-1296.624
2515.179,-1288.112
2538.241,-1278.132
2560.631,-1266.724
2582.26,-1253.932
2603.043,-1239.808
2622.899,-1224.406
2641.748,-1207.789
2659.517,-1190.02
2676.135,-1171.171
2691.536,-1151.315
2705.66,-1130.532
2718.452,-1108.903
2729.86,-1086.513
2739.84,-1063.451
2748.352,-1039.808
2755.363,-1015.677
2760.844,-991.1537
2764.775,-966.3345
2767.14,-941.3174
779.2771,1382.59
778.225,1407.693
775.0759,1432.62
769.8521,1457.197
762.59,1481.25
753.3407,1504.611
742.1691,1527.116
729.1534,1548.607
714.3851,1568.934
697.9677,1587.954
680.0163,1605.533
660.6568,1621.549
640.0251,1635.888
618.2659,1648.451
595.5317,1659.149
571.9822,1667.907
547.7823,1674.664
523.102,1679.372
498.1143,1681.998
472.9944,1682.524
447.9185,1680.946
423.0627,1677.276
398.6011,1671.539
374.7055,1663.774
351.5433,1654.038
329.2771,1642.397
308.063,1628.935
288.0499,1613.744
269.3781,1596.932
252.1786,1578.616
236.572,1558.925
222.6678,1537.998
210.5636,1515.98
200.3441,1493.027
192.0812,1469.299
185.8328,1444.963
181.6427,1420.19
179.5402,1395.153
179.5403,1370.027
181.6427,1344.99
185.8328,1320.216
192.0813,1295.88
200.3441,1272.152
210.5636,1249.199
222.6678,1227.182
236.572,1206.254
252.1786,1186.564
269.3781,1168.248
288.05,1151.436
308.063,1136.245
329.2771,1122.782
351.5434,1111.142
374.7055,1101.405
398.6012,1093.641
423.0627,1087.904
447.9186,1084.233
472.9945,1082.656
498.1143,1083.182
523.1021,1085.808
547.7823,1090.516
571.9822,1097.273
595.5319,1106.031
618.2659,1116.729
640.0252,1129.292
660.6568,1143.631
680.0163,1159.646
697.9678,1177.226
714.3851,1196.245
729.1535,1216.572
742.1691,1238.064
753.3408,1260.569
762.59,1283.93
769.8521,1307.983
775.0759,1332.559
778.225,1357.486
2447.954,1557.706
2446.902,1582.809
2443.753,1607.736
2438.529,1632.313
2431.267,1656.366
2422.018,1679.727
2410.846,1702.232
2397.831,1723.723
2383.062,1744.05
2366.645,1763.07
2348.694,1780.649
2329.334,1796.665
2308.702,1811.004
2286.943,1823.567
2264.209,1834.265
2240.659,1843.023
2216.46,1849.78
2191.779,1854.488
2166.792,1857.114
2141.672,1857.64
2116.596,1856.062
2091.74,1852.392
2067.278,1846.655
2043.383,1838.89
2020.221,1829.154
1997.954,1817.513
1976.74,1804.051
1956.727,1788.86
1938.055,1772.048
1920.856,1753.732
1905.249,1734.041
1891.345,1713.114
1879.241,1691.096
1869.021,1668.143
1860.758,1644.415
1854.51,1620.079
1850.32,1595.306
1848.218,1570.269
1848.218,1545.143
1850.32,1520.106
1854.51,1495.332
1860.759,1470.996
1869.021,1447.268
1879.241,1424.315
1891.345,1402.298
1905.249,1381.37
1920.856,1361.68
1938.055,1343.364
1956.727,1326.552
1976.74,1311.361
1997.954,1297.898
2020.221,1286.258
2043.383,1276.521
2067.279,1268.757
2091.74,1263.02
2116.596,1259.349
2141.672,1257.772
2166.792,1258.298
2191.779,1260.924
2216.459,1265.632
2240.659,1272.389
2264.209,1281.147
2286.943,1291.845
2308.702,1304.407
2329.334,1318.747
2348.694,1334.762
2366.645,1352.342
2383.063,1371.361
2397.831,1391.688
2410.846,1413.18
2422.018,1435.685
2431.267,1459.046
2438.529,1483.099
2443.753,1507.675
2446.902,1532.602
4181.34,1196.498
4180.288,1221.601
4177.139,1246.528
4171.915,1271.104
4164.653,1295.158
4155.404,1318.519
4144.232,1341.024
4131.217,1362.515
4116.448,1382.842
4100.031,1401.862
4082.08,1419.441
4062.72,1435.457
4042.088,1449.796
4020.329,1462.359
3997.595,1473.057
3974.045,1481.815
3949.846,1488.571
3925.165,1493.279
3900.177,1495.906
3875.058,1496.432
3849.982,1494.854
3825.126,1491.184
3800.664,1485.446
3776.769,1477.682
3753.606,1467.946
3731.34,1456.305
3710.126,1442.842
3690.113,1427.651
3671.441,1410.839
3654.242,1392.524
3638.635,1372.833
3624.731,1351.906
3612.627,1329.888
3602.407,1306.935
3594.145,1283.207
3587.896,1258.871
3583.706,1234.098
3581.604,1209.06
3581.604,1183.935
3583.706,1158.898
3587.896,1134.124
3594.145,1109.788
3602.407,1086.06
3612.627,1063.107
3624.731,1041.089
3638.635,1020.162
3654.242,1000.471
3671.441,982.1558
3690.113,965.3436
3710.126,950.1528
3731.34,936.6899
3753.607,925.0494
3776.769,915.3129
3800.665,907.5488
3825.126,901.8114
3849.982,898.141
3875.058,896.5634
3900.177,897.0895
3925.165,899.7159
3949.845,904.4239
3974.045,911.1806
3997.595,919.9387
4020.329,930.6365
4042.088,943.1992
4062.72,957.5386
4082.08,973.5541
4100.031,991.1335
4116.448,1010.153
4131.217,1030.48
4144.232,1051.971
4155.404,1074.477
4164.653,1097.838
4171.915,1121.891
4177.139,1146.467
4180.288,1171.394
2808.034,473.7905
2806.981,498.8939
2803.833,523.8212
2798.609,548.3975
2791.347,572.4505
2782.097,595.8115
2770.926,618.3167
2757.91,639.808
2743.142,660.1348
2726.724,679.1547
2708.773,696.734
2689.413,712.7495
2668.782,727.0889
2647.022,739.6516
2624.288,750.3495
2600.739,759.1075
2576.539,765.8642
2551.859,770.5722
2526.871,773.1985
2501.751,773.7247
2476.675,772.1471
2451.819,768.4767
2427.358,762.7393
2403.462,754.9751
2380.3,745.2386
2358.034,733.5981
2336.82,720.1353
2316.806,704.9445
2298.135,688.1323
2280.935,669.8167
2265.329,650.1261
2251.424,629.1986
2239.32,607.1811
2229.101,584.2278
2220.838,560.5001
2214.589,536.164
2210.399,511.3905
2208.297,486.3532
2208.297,461.2278
2210.399,436.1905
2214.589,411.417
2220.838,387.081
2229.101,363.3531
2239.32,340.3999
2251.424,318.3824
2265.329,297.4549
2280.935,277.7643
2298.135,259.4487
2316.807,242.6365
2336.82,227.4458
2358.034,213.9829
2380.3,202.3424
2403.462,192.6059
2427.358,184.8418
2451.819,179.1044
2476.675,175.434
2501.751,173.8563
2526.871,174.3825
2551.859,177.0088
2576.539,181.7168
2600.739,188.4736
2624.289,197.2316
2647.022,207.9295
2668.782,220.4922
2689.413,234.8315
2708.773,250.8471
2726.724,268.4265
2743.142,287.4462
2757.91,307.7731
2770.926,329.2644
2782.097,351.7696
2791.347,375.1306
2798.609,399.1836
2803.833,423.76
2806.981,448.6872
1024.806,-163.3026
1023.754,-138.1993
1020.605,-113.272
1015.381,-88.69564
1008.119,-64.64262
998.8698,-41.28162
987.6981,-18.7765
974.6825,2.71486
959.9142,23.04171
943.4968,42.06153
925.5453,59.64085
906.1859,75.65637
885.5542,89.99577
863.795,102.5585
841.0608,113.2563
817.5112,122.0144
793.3114,128.7711
768.631,133.4791
743.6433,136.1054
718.5234,136.6316
693.4476,135.054
668.5917,131.3836
644.1302,125.6461
620.2346,117.882
597.0723,108.1455
574.8062,96.505
553.5921,83.04216
533.579,67.85136
514.9071,51.03917
497.7076,32.72354
482.101,13.03294
468.1969,-7.89451
456.0926,-29.91205
445.8732,-52.8653
437.6103,-76.59311
431.3619,-100.9291
427.1717,-125.7027
425.0693,-150.7399
425.0693,-175.8654
427.1718,-200.9026
431.3619,-225.6761
437.6103,-250.0122
445.8732,-273.74
456.0927,-296.6932
468.1969,-318.7108
482.1011,-339.6382
497.7076,-359.3288
514.9072,-377.6444
533.579,-394.4566
553.592,-409.6474
574.8062,-423.1103
597.0724,-434.7508
620.2346,-444.4872
644.1302,-452.2514
668.5917,-457.9888
693.4476,-461.6592
718.5235,-463.2368
743.6433,-462.7106
768.6311,-460.0843
793.3114,-455.3763
817.5113,-448.6196
841.0609,-439.8615
863.795,-429.1637
885.5543,-416.601
906.1859,-402.2616
925.5453,-386.246
943.4968,-368.6667
959.9142,-349.6469
974.6826,-329.32
987.6981,-307.8287
998.8698,-285.3235
1008.119,-261.9625
1015.381,-237.9096
1020.605,-213.3332
1023.754,-188.406
2729.674,-935.1776
2728.622,-910.0743
2725.473,-885.147
2720.249,-860.5706
2712.987,-836.5176
2703.738,-813.1566
2692.566,-790.6515
2679.55,-769.1602
2664.782,-748.8333
2648.365,-729.8135
2630.413,-712.2341
2611.053,-696.2186
2590.422,-681.8792
2568.663,-669.3165
2545.928,-658.6187
2522.379,-649.8607
2498.179,-643.1039
2473.499,-638.3959
2448.511,-635.7696
2423.391,-635.2434
2398.315,-636.821
2373.459,-640.4915
2348.998,-646.2288
2325.102,-653.993
2301.94,-663.7295
2279.674,-675.37
2258.46,-688.8328
2238.447,-704.0236
2219.775,-720.8358
2202.575,-739.1515
2186.969,-758.842
2173.064,-779.7695
2160.96,-801.787
2150.741,-824.7403
2142.478,-848.4681
2136.229,-872.8041
2132.039,-897.5776
2129.937,-922.6149
2129.937,-947.7404
2132.04,-972.7776
2136.229,-997.5511
2142.478,-1021.887
2150.741,-1045.615
2160.96,-1068.568
2173.064,-1090.586
2186.969,-1111.513
2202.575,-1131.204
2219.775,-1149.519
2238.447,-1166.332
2258.46,-1181.522
2279.674,-1194.985
2301.94,-1206.626
2325.102,-1216.362
2348.998,-1224.126
2373.459,-1229.864
2398.315,-1233.534
2423.391,-1235.112
2448.511,-1234.586
2473.499,-1231.959
2498.179,-1227.251
2522.379,-1220.495
2545.929,-1211.737
2568.663,-1201.039
2590.422,-1188.476
2611.053,-1174.137
2630.413,-1158.121
2648.365,-1140.542
2664.782,-1121.522
2679.55,-1101.195
2692.566,-1079.704
2703.738,-1057.199
2712.987,-1033.838
2720.249,-1009.785
2725.473,-985.2081
2728.622,-960.2809
4289.409,-191.0471
4288.357,-165.9438
4285.208,-141.0165
4279.984,-116.4401
4272.722,-92.38713
4263.473,-69.02612
4252.301,-46.52101
4239.286,-25.02965
4224.517,-4.702794
4208.1,14.31702
4190.148,31.89634
4170.789,47.91187
4150.157,62.25126
4128.398,74.81396
4105.664,85.51184
4082.114,94.26984
4057.915,101.0266
4033.234,105.7346
4008.246,108.3609
3983.126,108.8871
3958.051,107.3095
3933.195,103.639
3908.733,97.90164
3884.838,90.13747
3861.675,80.40098
3839.409,68.7605
3818.195,55.29765
3798.182,40.10685
3779.51,23.29466
3762.311,4.979033
3746.704,-14.71156
3732.8,-35.63902
3720.696,-57.65656
3710.476,-80.6098
3702.213,-104.3376
3695.965,-128.6736
3691.775,-153.4472
3689.672,-178.4844
3689.672,-203.6099
3691.775,-228.6471
3695.965,-253.4207
3702.213,-277.7567
3710.476,-301.4845
3720.696,-324.4377
3732.8,-346.4553
3746.704,-367.3827
3762.311,-387.0733
3779.51,-405.3889
3798.182,-422.2011
3818.195,-437.3919
3839.409,-450.8548
3861.676,-462.4953
3884.838,-472.2317
3908.733,-479.9959
3933.195,-485.7333
3958.051,-489.4037
3983.126,-490.9813
4008.246,-490.4551
4033.234,-487.8288
4057.914,-483.1208
4082.114,-476.3641
4105.664,-467.606
4128.398,-456.9082
4150.157,-444.3455
4170.789,-430.0061
4190.148,-413.9905
4208.1,-396.4112
4224.517,-377.3914
4239.286,-357.0645
4252.301,-335.5732
4263.473,-313.0681
4272.722,-289.707
4279.984,-265.6541
4285.208,-241.0777
4288.357,-216.1505
632.8894,1190.594
629.7477,1215.464
620.5201,1238.77
605.7863,1259.049
586.4721,1275.027
563.7911,1285.7
539.1685,1290.397
514.1512,1288.823
490.3115,1281.077
469.147,1267.646
451.9877,1249.373
439.9117,1227.407
433.6779,1203.128
433.6779,1178.061
439.9117,1153.782
451.9877,1131.816
469.147,1113.543
490.3115,1100.112
514.1512,1092.366
539.1685,1090.792
563.7911,1095.489
586.4721,1106.162
605.7863,1122.14
620.5201,1142.419
629.7477,1165.725
666.9867,-363.5366
663.845,-338.6676
654.6174,-315.3612
639.8835,-295.0819
620.5694,-279.1038
597.8884,-268.431
573.2657,-263.7339
548.2485,-265.3079
524.4088,-273.0539
503.2443,-286.4853
486.085,-304.7581
474.009,-326.7242
467.7752,-351.0033
467.7752,-376.0699
474.009,-400.3491
486.085,-422.3152
503.2443,-440.588
524.4088,-454.0193
548.2485,-461.7654
573.2657,-463.3393
597.8884,-458.6423
620.5694,-447.9694
639.8836,-431.9913
654.6174,-411.712
663.845,-388.4056
2802.574,317.395
2799.432,342.2639
2790.204,365.5703
2775.471,385.8497
2756.156,401.8278
2733.475,412.5006
2708.853,417.1976
2683.836,415.6237
2659.996,407.8777
2638.831,394.4463
2621.672,376.1735
2609.596,354.2074
2603.362,329.9283
2603.362,304.8616
2609.596,280.5825
2621.672,258.6164
2638.831,240.3436
2659.996,226.9122
2683.836,219.1662
2708.853,217.5923
2733.475,222.2893
2756.156,232.9622
2775.471,248.9403
2790.204,269.2196
2799.432,292.526
2193.141,1387.939
2189.999,1412.808
2180.771,1436.115
2166.038,1456.394
2146.724,1472.372
2124.042,1483.045
2099.42,1487.742
2074.403,1486.168
2050.563,1478.422
2029.398,1464.991
2012.239,1446.718
2000.163,1424.752
1993.929,1400.473
1993.929,1375.406
2000.163,1351.127
2012.239,1329.161
2029.398,1310.888
2050.563,1297.457
2074.403,1289.711
2099.42,1288.137
2124.042,1292.834
2146.724,1303.507
2166.038,1319.485
2180.771,1339.764
2189.999,1363.07
3939.462,990.2221
3936.32,1015.091
3927.093,1038.397
3912.359,1058.677
3893.045,1074.655
3870.364,1085.328
3845.741,1090.025
3820.724,1088.451
3796.884,1080.705
3775.719,1067.273
3758.56,1049.001
3746.484,1027.035
3740.25,1002.755
3740.25,977.6888
3746.484,953.4097
3758.56,931.4435
3775.719,913.1708
3796.884,899.7394
3820.724,891.9934
3845.741,890.4194
3870.364,895.1165
3893.045,905.7893
3912.359,921.7674
3927.093,942.0468
3936.32,965.3531
2736.619,-780.8684
2733.477,-755.9994
2724.249,-732.6931
2709.516,-712.4137
2690.201,-696.4356
2667.52,-685.7628
2642.898,-681.0657
2617.881,-682.6397
2594.041,-690.3857
2572.876,-703.8171
2555.717,-722.0899
2543.641,-744.056
2537.407,-768.3351
2537.407,-793.4017
2543.641,-817.6808
2555.717,-839.647
2572.876,-857.9197
2594.041,-871.3511
2617.881,-879.0971
2642.898,-880.6711
2667.52,-875.9741
2690.201,-865.3012
2709.516,-849.3231
2724.249,-829.0438
2733.477,-805.7374
4029.957,70.162
4026.815,95.03099
4017.588,118.3374
4002.854,138.6167
3983.54,154.5948
3960.859,165.2677
3936.236,169.9647
3911.219,168.3907
3887.379,160.6447
3866.215,147.2133
3849.055,128.9405
3836.979,106.9744
3830.746,82.69532
3830.746,57.62867
3836.979,33.34955
3849.055,11.38347
3866.215,-6.889333
3887.379,-20.32071
3911.219,-28.06672
3936.236,-29.64067
3960.859,-24.94365
3983.54,-14.27078
4002.854,1.70732
4017.588,21.98663
4026.815,45.29302
524.1518,-718.9198,orange,35,1,0,30,False
652.0466,264.3778,orange,35,1,0,30,False
-525.5215,669.8446,orange,35,1,0,30,False
960.2578,1280.782,orange,35,1,0,30,False
1580.167,950.8402,orange,35,1,0,30,False
987.0538,-283.0139,orange,35,1,0,30,False
2185.754,2.661265,orange,35,1,0,30,False
2365.743,1029.453,orange,35,1,0,30,False
3138.588,370.5995,orange,35,1,0,30,False
3498.051,1598.464,orange,35,1,0,30,False
3719.463,658.0995,orange,35,1,0,30,False
4648.823,783.8807,orange,35,1,0,30,False
3711.646,-31.70874,orange,35,1,0,30,False
4352.688,-433.0109,orange,35,1,0,30,False
3220.123,-744.4691,orange,35,1,0,30,False
2604.87,300.0581,orange,35,1,0,30,False
2538.735,-569.1803,orange,35,1,0,30,False
1675.509,-239.7532,orange,35,1,0,30,False
1555.197,-653.5492,orange,35,1,0,30,False
-116.3049,-401.9867,orange,35,1,0,30,False
-1089.757,53.22168,orange,35,1,0,30,False
-1395.3,370.6697,orange,35,1,0,30,False
