55,0,915,25,0,4,3,0
-358.1112,17.12854,red,35,false
-1097.825,1175.727,red,35,false
-1081.857,-920.6553,red,35,false
4062.154,-7.644108,orange,35,false
4356.997,-700.3824,orange,35,false
5110.101,-1324.598,orange,35,false
4663.913,-60.34549,black,400,true
4973.367,-514.4893,black,400,true
5447.672,-616.746,black,400,true
5060.788,-949.2243,black,400,true
5605.549,-1067.787,black,400,true
5973.168,-884.5377,black,400,true
5200.271,-114.0116,black,400,true
5783.545,-234.5377,black,400,true
7160.887,-452.4806,black,800,true
8140.728,-448.9497,black,800,true
8974.796,-337.0326,black,800,true
10056.69,-444.9361,black,800,true
11246.99,-506.5916,black,800,true
12754.06,-425.0463,black,800,true
14188.49,-549.8682,black,800,true
11912.9,1072.623,black,400,true
12262.98,1480.956,black,400,true
12823.87,1415.331,black,400,true
13275.75,1349.706,black,400,true
13640.02,1408.638,black,400,true
14055.75,1357.596,black,400,true
14452.44,1311.624,black,400,true
14924.89,1336.348,black,400,true
15315.8,1336.348,black,400,true
15732.75,1307.181,black,400,true
16142.1,1278.014,black,400,true
16029.66,435.6909,orange,35,false
16625.5,922.82,black,400,true
16831.38,554.2517,black,400,true
17067.03,50.66592,black,400,true
17361.3,-445.5271,black,400,true
17564.78,-979.8186,black,400,true
12372.54,-2630.27,black,800,true
13383.26,-2799.541,black,800,true
14349.76,-2421.293,black,800,true
15306.37,-2869.861,black,800,true
16448.87,-2531.319,black,800,true
17275.92,-1969.419,black,800,true
18152.57,-1612.892,black,800,true
16655.94,-1245.654,orange,35,false
12082.44,-1314.139,black,100,true
12595.21,-1561.962,black,200,true
14070.29,-1348.507,black,200,true
15434.84,-1650.699,black,200,true
7953.995,670.7682,black,400,true
7621.912,1121.499,black,400,true
8321.852,1049.398,black,400,true
8617.448,640.5518,black,400,true
17049,-1226.842,red,35,false
-71.35303,101.8941
8.646973,101.8941
88.64697,101.8941
168.647,101.8941
248.647,101.8941
328.647,101.8941
408.647,101.8941
488.647,101.8941
568.647,101.8941
648.647,101.8941
728.647,101.8941
808.647,101.8941
888.647,101.8941
968.647,101.8941
1048.647,101.8941
1128.647,101.8941
1208.647,101.8941
1288.647,101.8941
1368.647,101.8941
1448.647,101.8941
1528.647,101.8941
1608.647,101.8941
1688.647,101.8941
1768.647,101.8941
1848.647,101.8941
1928.647,101.8941
2008.647,101.8941
2088.647,101.8941
2168.647,101.8941
2248.647,101.8941
2328.647,101.8941
2408.647,101.8941
2488.647,101.8941
2568.647,101.8941
2648.647,101.8941
2728.647,101.8941
2808.647,101.8941
2888.647,101.8941
2968.647,101.8941
3048.647,101.8941
3128.647,101.8941
3208.647,101.8941
3288.647,101.8941
3368.647,101.8941
3448.647,101.8941
3528.647,101.8941
3608.647,101.8941
3688.647,101.8941
3768.647,101.8941
3848.647,101.8941
117.2153,110.7168
197.2153,110.7168
277.2153,110.7168
357.2153,110.7168
437.2153,110.7168
517.2153,110.7168
597.2153,110.7168
677.2153,110.7168
757.2153,110.7168
837.2153,110.7168
917.2153,110.7168
997.2153,110.7168
1077.215,110.7168
1157.215,110.7168
1237.215,110.7168
1317.215,110.7168
1397.215,110.7168
1477.215,110.7168
1557.215,110.7168
1637.215,110.7168
1717.215,110.7168
1797.215,110.7168
1877.215,110.7168
1957.215,110.7168
2037.215,110.7168
2117.215,110.7168
2197.215,110.7168
2277.215,110.7168
2357.215,110.7168
2437.215,110.7168
2517.215,110.7168
2597.215,110.7168
2677.215,110.7168
2757.215,110.7168
2837.215,110.7168
2917.215,110.7168
2997.215,110.7168
3077.215,110.7168
3157.215,110.7168
3237.215,110.7168
3317.215,110.7168
3397.215,110.7168
3477.215,110.7168
3557.215,110.7168
3637.215,110.7168
3717.215,110.7168
3797.215,110.7168
3877.215,110.7168
3957.215,110.7168
4037.215,110.7168
3767.686,637.5905
3847.686,637.5905
3927.686,637.5905
4007.686,637.5905
4087.686,637.5905
4167.686,637.5905
4247.686,637.5905
4327.686,637.5905
4407.686,637.5905
4487.686,637.5905
4567.686,637.5905
4647.686,637.5905
4727.686,637.5905
4807.686,637.5905
4887.686,637.5905
4967.686,637.5905
5047.686,637.5905
5127.686,637.5905
5207.686,637.5905
5287.686,637.5905
5367.686,637.5905
5447.686,637.5905
5527.686,637.5905
5607.686,637.5905
5687.686,637.5905
5767.686,637.5905
5847.686,637.5905
5927.686,637.5905
6007.686,637.5905
6087.686,637.5905
6167.686,637.5905
6247.686,637.5905
6327.686,637.5905
6407.686,637.5905
6487.686,637.5905
6567.686,637.5905
6647.686,637.5905
6727.686,637.5905
6807.686,637.5905
6887.686,637.5905
6967.686,637.5905
7047.686,637.5905
7127.686,637.5905
7207.686,637.5905
7287.686,637.5905
7367.686,637.5905
7447.686,637.5905
7527.686,637.5905
7607.686,637.5905
7687.686,637.5905
3988.839,670.403
4068.839,670.403
4148.839,670.403
4228.839,670.403
4308.839,670.403
4388.839,670.403
4468.839,670.403
4548.839,670.403
4628.839,670.403
4708.839,670.403
4788.839,670.403
4868.839,670.403
4948.839,670.403
5028.839,670.403
5108.839,670.403
5188.839,670.403
5268.839,670.403
5348.839,670.403
5428.839,670.403
5508.839,670.403
5588.839,670.403
5668.839,670.403
5748.839,670.403
5828.839,670.403
5908.839,670.403
5988.839,670.403
6068.839,670.403
6148.839,670.403
6228.839,670.403
6308.839,670.403
6388.839,670.403
6468.839,670.403
6548.839,670.403
6628.839,670.403
6708.839,670.403
6788.839,670.403
6868.839,670.403
6948.839,670.403
7028.839,670.403
7108.839,670.403
7188.839,670.403
7268.839,670.403
7348.839,670.403
7428.839,670.403
7508.839,670.403
7588.839,670.403
7668.839,670.403
7748.839,670.403
7828.839,670.403
7908.839,670.403
3918.946,725.7956
3998.946,725.7956
4078.946,725.7956
4158.946,725.7956
4238.946,725.7956
4318.946,725.7956
4398.946,725.7956
4478.946,725.7956
4558.946,725.7956
4638.946,725.7956
4718.946,725.7956
4798.946,725.7956
4878.946,725.7956
4958.946,725.7956
5038.946,725.7956
5118.946,725.7956
5198.946,725.7956
5278.946,725.7956
5358.946,725.7956
5438.946,725.7956
5518.946,725.7956
5598.946,725.7956
5678.946,725.7956
5758.946,725.7956
5838.946,725.7956
5918.946,725.7956
5998.946,725.7956
6078.946,725.7956
6158.946,725.7956
6238.946,725.7956
6318.946,725.7956
6398.946,725.7956
6478.946,725.7956
6558.946,725.7956
6638.946,725.7956
6718.946,725.7956
6798.946,725.7956
6878.946,725.7956
6958.946,725.7956
7038.946,725.7956
7118.946,725.7956
7198.946,725.7956
7278.946,725.7956
7358.946,725.7956
7438.946,725.7956
7518.946,725.7956
7598.946,725.7956
7678.946,725.7956
7758.946,725.7956
7838.946,725.7956
4875.082,216.3418
4955.082,216.3418
5035.082,216.3418
5115.082,216.3418
5195.082,216.3418
5275.082,216.3418
5355.082,216.3418
5435.082,216.3418
5515.082,216.3418
5595.082,216.3418
5675.082,216.3418
5755.082,216.3418
5835.082,216.3418
5915.082,216.3418
5995.082,216.3418
6075.082,216.3418
6155.082,216.3418
6235.082,216.3418
6315.082,216.3418
6395.082,216.3418
6475.082,216.3418
6555.082,216.3418
6635.082,216.3418
6715.082,216.3418
6795.082,216.3418
6875.082,216.3418
6955.082,216.3418
7035.082,216.3418
7115.082,216.3418
7195.082,216.3418
7275.082,216.3418
7355.082,216.3418
7435.082,216.3418
7515.082,216.3418
7595.082,216.3418
7675.082,216.3418
7755.082,216.3418
7835.082,216.3418
7915.082,216.3418
7995.082,216.3418
8075.082,216.3418
8155.082,216.3418
8235.082,216.3418
8315.082,216.3418
8395.082,216.3418
8475.082,216.3418
8555.082,216.3418
8635.082,216.3418
8715.082,216.3418
8795.082,216.3418
6805.111,257.2585
6885.111,257.2585
6965.111,257.2585
7045.111,257.2585
7125.111,257.2585
7205.111,257.2585
7285.111,257.2585
7365.111,257.2585
7445.111,257.2585
7525.111,257.2585
7605.111,257.2585
7685.111,257.2585
7765.111,257.2585
7845.111,257.2585
7925.111,257.2585
8005.111,257.2585
8085.111,257.2585
8165.111,257.2585
8245.111,257.2585
8325.111,257.2585
8405.111,257.2585
8485.111,257.2585
8565.111,257.2585
8645.111,257.2585
8725.111,257.2585
8805.111,257.2585
8885.111,257.2585
8965.111,257.2585
9045.111,257.2585
9125.111,257.2585
9205.111,257.2585
9285.111,257.2585
9365.111,257.2585
9445.111,257.2585
9525.111,257.2585
9605.111,257.2585
9685.111,257.2585
9765.111,257.2585
9845.111,257.2585
9925.111,257.2585
10005.11,257.2585
10085.11,257.2585
10165.11,257.2585
10245.11,257.2585
10325.11,257.2585
10405.11,257.2585
10485.11,257.2585
10565.11,257.2585
10645.11,257.2585
10725.11,257.2585
7575.221,285.7742
7655.221,285.7742
7735.221,285.7742
7815.221,285.7742
7895.221,285.7742
7975.221,285.7742
8055.221,285.7742
8135.221,285.7742
8215.221,285.7742
8295.221,285.7742
8375.221,285.7742
8455.221,285.7742
8535.221,285.7742
8615.221,285.7742
8695.221,285.7742
8775.221,285.7742
8855.221,285.7742
8935.221,285.7742
9015.221,285.7742
9095.221,285.7742
9175.221,285.7742
9255.221,285.7742
9335.221,285.7742
9415.221,285.7742
9495.221,285.7742
9575.221,285.7742
9655.221,285.7742
9735.221,285.7742
9815.221,285.7742
9895.221,285.7742
9975.221,285.7742
10055.22,285.7742
10135.22,285.7742
10215.22,285.7742
10295.22,285.7742
10375.22,285.7742
10455.22,285.7742
10535.22,285.7742
10615.22,285.7742
10695.22,285.7742
10775.22,285.7742
10855.22,285.7742
10935.22,285.7742
11015.22,285.7742
11095.22,285.7742
11175.22,285.7742
11255.22,285.7742
11335.22,285.7742
11415.22,285.7742
11495.22,285.7742
6039.528,-1466.017
6119.528,-1466.017
6199.528,-1466.017
6279.528,-1466.017
6359.528,-1466.017
6439.528,-1466.017
6519.528,-1466.017
6599.528,-1466.017
6679.528,-1466.017
6759.528,-1466.017
6839.528,-1466.017
6919.528,-1466.017
6999.528,-1466.017
7079.528,-1466.017
7159.528,-1466.017
7239.528,-1466.017
7319.528,-1466.017
7399.528,-1466.017
7479.528,-1466.017
7559.528,-1466.017
7639.528,-1466.017
7719.528,-1466.017
7799.528,-1466.017
7879.528,-1466.017
7959.528,-1466.017
8039.528,-1466.017
8119.528,-1466.017
8199.528,-1466.017
8279.528,-1466.017
8359.528,-1466.017
8439.528,-1466.017
8519.528,-1466.017
8599.528,-1466.017
8679.528,-1466.017
8759.528,-1466.017
8839.528,-1466.017
8919.528,-1466.017
8999.528,-1466.017
9079.528,-1466.017
9159.528,-1466.017
9239.528,-1466.017
9319.528,-1466.017
9399.528,-1466.017
9479.528,-1466.017
9559.528,-1466.017
9639.528,-1466.017
9719.528,-1466.017
9799.528,-1466.017
9879.528,-1466.017
9959.528,-1466.017
5824.876,-1427.735
5904.876,-1427.735
5984.876,-1427.735
6064.876,-1427.735
6144.876,-1427.735
6224.876,-1427.735
6304.876,-1427.735
6384.876,-1427.735
6464.876,-1427.735
6544.876,-1427.735
6624.876,-1427.735
6704.876,-1427.735
6784.876,-1427.735
6864.876,-1427.735
6944.876,-1427.735
7024.876,-1427.735
7104.876,-1427.735
7184.876,-1427.735
7264.876,-1427.735
7344.876,-1427.735
7424.876,-1427.735
7504.876,-1427.735
7584.876,-1427.735
7664.876,-1427.735
7744.876,-1427.735
7824.876,-1427.735
7904.876,-1427.735
7984.876,-1427.735
8064.876,-1427.735
8144.876,-1427.735
8224.876,-1427.735
8304.876,-1427.735
8384.876,-1427.735
8464.876,-1427.735
8544.876,-1427.735
8624.876,-1427.735
8704.876,-1427.735
8784.876,-1427.735
8864.876,-1427.735
8944.876,-1427.735
9024.876,-1427.735
9104.876,-1427.735
9184.876,-1427.735
9264.876,-1427.735
9344.876,-1427.735
9424.876,-1427.735
9504.876,-1427.735
9584.876,-1427.735
9664.876,-1427.735
9744.876,-1427.735
5266.646,-1404.103
5346.646,-1404.103
5426.646,-1404.103
5506.646,-1404.103
5586.646,-1404.103
5666.646,-1404.103
5746.646,-1404.103
5826.646,-1404.103
5906.646,-1404.103
5986.646,-1404.103
6066.646,-1404.103
6146.646,-1404.103
6226.646,-1404.103
6306.646,-1404.103
6386.646,-1404.103
6466.646,-1404.103
6546.646,-1404.103
6626.646,-1404.103
6706.646,-1404.103
6786.646,-1404.103
6866.646,-1404.103
6946.646,-1404.103
7026.646,-1404.103
7106.646,-1404.103
7186.646,-1404.103
7266.646,-1404.103
7346.646,-1404.103
7426.646,-1404.103
7506.646,-1404.103
7586.646,-1404.103
7666.646,-1404.103
7746.646,-1404.103
7826.646,-1404.103
7906.646,-1404.103
7986.646,-1404.103
8066.646,-1404.103
8146.646,-1404.103
8226.646,-1404.103
8306.646,-1404.103
8386.646,-1404.103
8466.646,-1404.103
8546.646,-1404.103
8626.646,-1404.103
8706.646,-1404.103
8786.646,-1404.103
8866.646,-1404.103
8946.646,-1404.103
9026.646,-1404.103
9106.646,-1404.103
9186.646,-1404.103
10196.02,-1452.98
10276.02,-1452.98
10356.02,-1452.98
10436.02,-1452.98
10516.02,-1452.98
10596.02,-1452.98
10676.02,-1452.98
10756.02,-1452.98
10836.02,-1452.98
10916.02,-1452.98
10996.02,-1452.98
11076.02,-1452.98
11156.02,-1452.98
11236.02,-1452.98
11316.02,-1452.98
11396.02,-1452.98
11476.02,-1452.98
11556.02,-1452.98
11636.02,-1452.98
11716.02,-1452.98
11796.02,-1452.98
11876.02,-1452.98
11956.02,-1452.98
12036.02,-1452.98
12116.02,-1452.98
12196.02,-1452.98
12276.02,-1452.98
12356.02,-1452.98
12436.02,-1452.98
12516.02,-1452.98
12596.02,-1452.98
12676.02,-1452.98
12756.02,-1452.98
12836.02,-1452.98
12916.02,-1452.98
12996.02,-1452.98
13076.02,-1452.98
13156.02,-1452.98
13236.02,-1452.98
13316.02,-1452.98
13396.02,-1452.98
13476.02,-1452.98
13556.02,-1452.98
13636.02,-1452.98
13716.02,-1452.98
13796.02,-1452.98
13876.02,-1452.98
13956.02,-1452.98
14036.02,-1452.98
14116.02,-1452.98
9866.085,-1377.467
9946.085,-1377.467
10026.08,-1377.467
10106.08,-1377.467
10186.08,-1377.467
10266.08,-1377.467
10346.08,-1377.467
10426.08,-1377.467
10506.08,-1377.467
10586.08,-1377.467
10666.08,-1377.467
10746.08,-1377.467
10826.08,-1377.467
10906.08,-1377.467
10986.08,-1377.467
11066.08,-1377.467
11146.08,-1377.467
11226.08,-1377.467
11306.08,-1377.467
11386.08,-1377.467
11466.08,-1377.467
11546.08,-1377.467
11626.08,-1377.467
11706.08,-1377.467
11786.08,-1377.467
11866.08,-1377.467
11946.08,-1377.467
12026.08,-1377.467
12106.08,-1377.467
12186.08,-1377.467
12266.08,-1377.467
12346.08,-1377.467
12426.08,-1377.467
12506.08,-1377.467
12586.08,-1377.467
12666.08,-1377.467
12746.08,-1377.467
12826.08,-1377.467
12906.08,-1377.467
12986.08,-1377.467
13066.08,-1377.467
13146.08,-1377.467
13226.08,-1377.467
13306.08,-1377.467
13386.08,-1377.467
13466.08,-1377.467
13546.08,-1377.467
13626.08,-1377.467
13706.08,-1377.467
13786.08,-1377.467
10893,-1407.057
10973,-1407.057
11053,-1407.057
11133,-1407.057
11213,-1407.057
11293,-1407.057
11373,-1407.057
11453,-1407.057
11533,-1407.057
11613,-1407.057
11693,-1407.057
11773,-1407.057
11853,-1407.057
11933,-1407.057
12013,-1407.057
12093,-1407.057
12173,-1407.057
12253,-1407.057
12333,-1407.057
12413,-1407.057
12493,-1407.057
12573,-1407.057
12653,-1407.057
12733,-1407.057
12813,-1407.057
12893,-1407.057
12973,-1407.057
13053,-1407.057
13133,-1407.057
13213,-1407.057
13293,-1407.057
13373,-1407.057
13453,-1407.057
13533,-1407.057
13613,-1407.057
13693,-1407.057
13773,-1407.057
13853,-1407.057
13933,-1407.057
14013,-1407.057
14093,-1407.057
14173,-1407.057
14253,-1407.057
14333,-1407.057
14413,-1407.057
14493,-1407.057
14573,-1407.057
14653,-1407.057
14733,-1407.057
14813,-1407.057
13903.8,-1371.998
13983.8,-1371.998
14063.8,-1371.998
14143.8,-1371.998
14223.8,-1371.998
14303.8,-1371.998
14383.8,-1371.998
14463.8,-1371.998
14543.8,-1371.998
14623.8,-1371.998
14703.8,-1371.998
14783.8,-1371.998
14863.8,-1371.998
14943.8,-1371.998
15023.8,-1371.998
15103.8,-1371.998
15183.8,-1371.998
15263.8,-1371.998
15343.8,-1371.998
15423.8,-1371.998
15503.8,-1371.998
15583.8,-1371.998
15663.8,-1371.998
15743.8,-1371.998
15823.8,-1371.998
15903.8,-1371.998
15983.8,-1371.998
16063.8,-1371.998
16143.8,-1371.998
16223.8,-1371.998
16303.8,-1371.998
16383.8,-1371.998
16463.8,-1371.998
16543.8,-1371.998
16623.8,-1371.998
16703.8,-1371.998
16783.8,-1371.998
16863.8,-1371.998
16943.8,-1371.998
17023.8,-1371.998
17103.8,-1371.998
17183.8,-1371.998
17263.8,-1371.998
17343.8,-1371.998
17423.8,-1371.998
17503.8,-1371.998
17583.8,-1371.998
17663.8,-1371.998
17743.8,-1371.998
17823.8,-1371.998
13897.55,-1346.998
13977.55,-1346.998
14057.55,-1346.998
14137.55,-1346.998
14217.55,-1346.998
14297.55,-1346.998
14377.55,-1346.998
14457.55,-1346.998
14537.55,-1346.998
14617.55,-1346.998
14697.55,-1346.998
14777.55,-1346.998
14857.55,-1346.998
14937.55,-1346.998
15017.55,-1346.998
15097.55,-1346.998
15177.55,-1346.998
15257.55,-1346.998
15337.55,-1346.998
15417.55,-1346.998
15497.55,-1346.998
15577.55,-1346.998
15657.55,-1346.998
15737.55,-1346.998
15817.55,-1346.998
15897.55,-1346.998
15977.55,-1346.998
16057.55,-1346.998
16137.55,-1346.998
16217.55,-1346.998
16297.55,-1346.998
16377.55,-1346.998
16457.55,-1346.998
16537.55,-1346.998
16617.55,-1346.998
16697.55,-1346.998
16777.55,-1346.998
16857.55,-1346.998
16937.55,-1346.998
17017.55,-1346.998
17097.55,-1346.998
17177.55,-1346.998
17257.55,-1346.998
17337.55,-1346.998
17417.55,-1346.998
17497.55,-1346.998
17577.55,-1346.998
17657.55,-1346.998
17737.55,-1346.998
17817.55,-1346.998
15824.46,-153.1346
15815.81,-112.4609
15791.37,-78.82007
15755.36,-58.0289
15714,-53.68236
15674.46,-66.53201
15643.55,-94.35603
15626.64,-132.3434
15626.64,-173.9257
15643.55,-211.9131
15674.46,-239.7371
15714,-252.5867
15755.36,-248.2402
15791.37,-227.449
15815.81,-193.8082
16328.19,-362.8846
16315.62,-263.4086
16278.71,-170.1831
16219.78,-89.0657
16142.52,-25.15338
16051.8,17.53806
15953.31,36.32614
15853.24,30.03034
15757.88,-0.9537525
15673.22,-54.67926
15604.58,-127.7705
15556.28,-215.6348
15531.34,-312.7513
15531.34,-413.0179
15556.28,-510.1344
15604.58,-597.9987
15673.22,-671.0899
15757.88,-724.8154
15853.24,-755.7994
15953.31,-762.0952
16051.8,-743.3071
16142.52,-700.6157
16219.78,-636.7033
16278.71,-555.5861
16315.62,-462.3605
16386.96,-566.1936
16374.39,-466.7177
16337.48,-373.4921
16278.54,-292.3748
16201.29,-228.4624
16110.56,-185.771
16012.07,-166.9829
15912,-173.2787
15816.64,-204.2628
15731.99,-257.9883
15663.35,-331.0795
15615.04,-418.9438
15590.11,-516.0603
15590.11,-616.327
15615.04,-713.4434
15663.35,-801.3077
15731.99,-874.3989
15816.64,-928.1245
15912,-959.1085
16012.07,-965.4043
16110.56,-946.6162
16201.29,-903.9247
16278.54,-840.0123
16337.48,-758.8951
16374.39,-665.6696
16839.52,-682.9788
16826.95,-583.5029
16790.04,-490.2773
16731.11,-409.16
16653.85,-345.2477
16563.13,-302.5562
16464.63,-283.7681
16364.57,-290.0639
16269.21,-321.048
16184.55,-374.7735
16115.91,-447.8647
16067.61,-535.7291
16042.67,-632.8455
16042.67,-733.1122
16067.61,-830.2286
16115.91,-918.093
16184.55,-991.1841
16269.21,-1044.91
16364.57,-1075.894
16464.63,-1082.189
16563.13,-1063.401
16653.85,-1020.71
16731.11,-956.7975
16790.04,-875.6803
16826.95,-782.4548
16536.76,33.47643
16524.2,132.9524
16487.29,226.1779
16428.35,307.2953
16351.09,371.2076
16260.37,413.899
16161.88,432.6871
16061.81,426.3913
15966.45,395.4072
15881.79,341.6817
15813.16,268.5905
15764.85,180.7262
15739.92,83.60972
15739.92,-16.65691
15764.85,-113.7734
15813.16,-201.6377
15881.79,-274.7289
15966.45,-328.4544
16061.81,-359.4384
16161.88,-365.7343
16260.37,-346.9462
16351.09,-304.2547
16428.35,-240.3423
16487.29,-159.2251
16524.2,-65.9995
6404.284,725.2921,orange,35,6355.574,-40.59349,75,True
6877.111,-40.59349,orange,35,6920.043,639.7593,75,True
7342.069,539.2855,orange,35,7359.781,84.28139,75,True
7749.46,75.42735,orange,35,7727.319,468.0888,75,True
8266.568,490.2243,orange,35,8284.281,148.9756,75,True
8884.558,110.4807,orange,35,8894.764,515.2476,75,True
9476.582,540.4612,orange,35,9519.498,84.10854,75,True
9959.637,64.30249,orange,35,10157.79,505.0634,75,True
10507.66,438.2665,orange,35,10856.57,133.9695,75,True
12028.28,539.2048,yellow,55,1,0,45,False
11823.84,37.27618,yellow,55,1,0,45,False
12507.6,1032.589,yellow,55,1,0,45,False
12779.44,445.3175,yellow,55,1,0,45,False
13518.35,691.4113,yellow,55,1,0,45,False
13588.71,162.908,yellow,55,1,0,45,False
12532.28,91.81415,yellow,55,1,0,45,False
13066.68,870.7264,yellow,55,1,0,45,False
14084.12,301.9766,yellow,55,1,0,45,False
14179.69,827.66,yellow,55,1,0,45,False
14854.65,488.5978,yellow,55,1,0,45,False
14768.8,-104.1421,yellow,55,1,0,45,False
13143.26,180.6814,yellow,55,1,0,45,False
15291.04,213.4939,yellow,55,1,0,45,False
15086.53,785.2986,yellow,55,1,0,45,False
15533.69,548.6897,yellow,55,1,0,45,False
6354.19,-1337.187,6357.124,-1897.475,orange,35,45
7354.486,-1399.528,7541.74,-2625.18,orange,35,45
8883.898,-1256.95,9017.004,-2068.568,orange,35,45
10061.09,-1316.469,10324.4,-2315.295,orange,35,45
9532.181,-395.7989
9446.805,-288.7054
9612.332,-302.1636
