9,0,385,4,0,7,2,1
-707.7813,-13.51355,red,50,false
-215.2754,-12.49384,red,50,false
849.5626,-55.57368,blue,50,false
260.7163,627.6348,orange,50,false
270.8057,-646.2818,orange,50,false
2004.195,18.86732,green,50,false
2077.707,471.4042,black,170,true
2093.332,-381.8071,black,250,true
3158.089,93.25117,aqua,50,false
-266.99,-323.6072
-266.99,-307.9822
-266.99,-292.3572
-266.99,-276.7322
-266.99,-261.1072
-266.99,-245.4822
-266.99,-229.8572
-266.99,-214.2322
-266.99,-198.6072
-266.99,-182.9822
-266.99,-167.3572
-266.99,-151.7322
-266.99,-136.1072
-266.99,-120.4822
-266.99,-104.8572
-266.99,-89.23221
-266.99,-73.60721
-266.99,-57.98221
-266.99,-42.35721
-266.99,-26.73221
-266.99,-11.10721
-266.99,4.517792
-266.99,20.14279
-266.99,35.76779
-266.99,51.39279
-266.99,67.01779
-266.99,82.64279
-266.99,98.26779
-266.99,113.8928
-266.99,129.5178
-266.99,145.1428
-266.99,160.7678
-266.99,176.3928
-266.99,192.0178
-266.99,207.6428
-266.99,223.2678
-266.99,238.8928
-266.99,254.5178
-266.99,270.1428
-266.99,285.7678
-167.4508,-326.4883
-167.4508,-310.8633
-167.4508,-295.2383
-167.4508,-279.6133
-167.4508,-263.9883
-167.4508,-248.3633
-167.4508,-232.7383
-167.4508,-217.1133
-167.4508,-201.4883
-167.4508,-185.8633
-167.4508,-170.2383
-167.4508,-154.6133
-167.4508,-138.9883
-167.4508,-123.3633
-167.4508,-107.7383
-167.4508,-92.11334
-167.4508,-76.48834
-167.4508,-60.86334
-167.4508,-45.23834
-167.4508,-29.61334
-167.4508,-13.98834
-167.4508,1.636658
-167.4508,17.26166
-167.4508,32.88666
-167.4508,48.51166
-167.4508,64.13666
-167.4508,79.76166
-167.4508,95.38666
-167.4508,111.0117
-167.4508,126.6367
-167.4508,142.2617
-167.4508,157.8867
-167.4508,173.5117
-167.4508,189.1367
-167.4508,204.7617
-167.4508,220.3867
-167.4508,236.0117
-167.4508,251.6367
-167.4508,267.2617
-167.4508,282.8867
477.0524,-21.15016
467.2637,40.65324
438.8558,96.40689
394.6094,140.6532
338.8558,169.0612
277.0524,178.8498
215.249,169.0611
159.4953,140.6532
115.249,96.40688
86.84105,40.6532
77.05237,-21.15018
86.84106,-82.95355
115.249,-138.7072
159.4954,-182.9536
215.2489,-211.3615
277.0524,-221.1502
338.8558,-211.3615
394.6095,-182.9535
438.8558,-138.7072
467.2637,-82.95354
768.4534,-23.49287
764.5107,39.17374
752.745,100.8521
733.3417,160.5694
706.6068,217.384
672.9619,270.3997
632.9377,318.7807
587.1654,361.7637
536.3668,398.6711
481.343,428.9207
422.9619,452.0354
362.144,467.6508
299.8487,475.5205
237.0581,475.5205
174.7627,467.6508
113.9449,452.0354
55.56371,428.9206
0.5399389,398.6711
-50.2586,361.7637
-96.03091,318.7807
-136.0551,270.3997
-169.7,217.3839
-196.4349,160.5693
-215.8382,100.8521
-227.604,39.17373
-231.5466,-23.49292
-227.6039,-86.15955
-215.8382,-147.8379
-196.4348,-207.5551
-169.6999,-264.3697
-136.0551,-317.3856
-96.03085,-365.7665
-50.25851,-408.7495
0.5401177,-445.6569
55.56389,-475.9065
113.9449,-499.0211
174.7627,-514.6365
237.0581,-522.5062
299.8487,-522.5062
362.1441,-514.6365
422.962,-499.0211
481.3431,-475.9064
536.3669,-445.6568
587.1655,-408.7494
632.9378,-365.7663
672.962,-317.3853
706.6068,-264.3697
733.3417,-207.5551
752.745,-147.8378
764.5107,-86.15943
1067.008,-28.65515
1064.203,38.28713
1055.805,104.7598
1041.875,170.2968
1022.509,234.4382
997.8446,296.7342
968.0536,356.7478
933.3452,414.0581
893.963,468.2631
850.1831,518.9825
802.3127,565.8607
750.6875,608.5688
695.6696,646.8072
637.6451,680.3077
577.0206,708.8354
514.2218,732.1901
449.6889,750.208
383.8746,762.7628
317.2406,769.7662
250.2542,771.1694
183.3854,766.9624
117.1032,757.1746
51.87233,741.8749
-11.84942,721.1704
-73.61526,695.2064
-132.9918,664.1652
-189.5626,628.2642
-242.931,587.7554
-292.7225,542.9229
-338.5879,494.0813
-380.2054,441.573
-417.2832,385.7664
-449.5612,327.053
-476.813,265.8444
-498.8474,202.5702
-515.5099,137.6741
-526.6835,71.61142
-532.29,4.845384
-532.29,-62.15582
-526.6835,-128.9218
-515.5098,-194.9846
-498.8474,-259.8806
-476.813,-323.1548
-449.5611,-384.3634
-417.2831,-443.0768
-380.2053,-498.8834
-338.5878,-551.3917
-292.7224,-600.2333
-242.9308,-645.0659
-189.5627,-685.5745
-132.9917,-721.4755
-73.61497,-752.5169
-11.84937,-778.4808
51.87255,-799.1852
117.1031,-814.4849
183.3856,-824.2727
250.2546,-828.4797
317.2407,-827.0765
383.8748,-820.073
449.6889,-807.5183
514.2219,-789.5003
577.0209,-766.1456
637.6451,-737.618
695.6698,-704.1174
750.6875,-665.8791
802.3128,-623.171
850.1833,-576.2926
893.963,-525.5734
933.3453,-471.3682
968.0536,-414.0581
997.8447,-354.0443
1022.509,-291.7482
1041.875,-227.607
1055.805,-162.0699
1064.203,-95.59743
541.5687,-656.363
566.5687,-656.363
591.5687,-656.363
616.5687,-656.363
641.5687,-656.363
666.5687,-656.363
691.5687,-656.363
716.5687,-656.363
741.5687,-656.363
766.5687,-656.363
791.5687,-656.363
816.5687,-656.363
841.5687,-656.363
866.5687,-656.363
891.5687,-656.363
916.5687,-656.363
941.5687,-656.363
966.5687,-656.363
991.5687,-656.363
1016.569,-656.363
1041.569,-656.363
1066.569,-656.363
1091.569,-656.363
1116.569,-656.363
1141.569,-656.363
1166.569,-656.363
1191.569,-656.363
1216.569,-656.363
1241.569,-656.363
1266.569,-656.363
1291.569,-656.363
1316.569,-656.363
1341.569,-656.363
1366.569,-656.363
1391.569,-656.363
1416.569,-656.363
1441.569,-656.363
1466.569,-656.363
1491.569,-656.363
1516.569,-656.363
1531.945,-657.6806
1556.945,-657.6806
1581.945,-657.6806
1606.945,-657.6806
1631.945,-657.6806
1656.945,-657.6806
1681.945,-657.6806
1706.945,-657.6806
1731.945,-657.6806
1756.945,-657.6806
1781.945,-657.6806
1806.945,-657.6806
1831.945,-657.6806
1856.945,-657.6806
1881.945,-657.6806
1906.945,-657.6806
1931.945,-657.6806
1956.945,-657.6806
1981.945,-657.6806
2006.945,-657.6806
2031.945,-657.6806
2056.945,-657.6806
2081.945,-657.6806
2106.945,-657.6806
2131.945,-657.6806
2156.945,-657.6806
2181.945,-657.6806
2206.945,-657.6806
2231.945,-657.6806
2256.945,-657.6806
2281.945,-657.6806
2306.945,-657.6806
2331.945,-657.6806
2356.945,-657.6806
2381.945,-657.6806
2406.945,-657.6806
2431.945,-657.6806
2456.945,-657.6806
2481.945,-657.6806
2506.945,-657.6806
514.7963,623.3984
539.7963,623.3984
564.7963,623.3984
589.7963,623.3984
614.7963,623.3984
639.7963,623.3984
664.7963,623.3984
689.7963,623.3984
714.7963,623.3984
739.7963,623.3984
764.7963,623.3984
789.7963,623.3984
814.7963,623.3984
839.7963,623.3984
864.7963,623.3984
889.7963,623.3984
914.7963,623.3984
939.7963,623.3984
964.7963,623.3984
989.7963,623.3984
1014.796,623.3984
1039.796,623.3984
1064.796,623.3984
1089.796,623.3984
1114.796,623.3984
1139.796,623.3984
1164.796,623.3984
1189.796,623.3984
1214.796,623.3984
1239.796,623.3984
1264.796,623.3984
1289.796,623.3984
1314.796,623.3984
1339.796,623.3984
1364.796,623.3984
1389.796,623.3984
1414.796,623.3984
1439.796,623.3984
1464.796,623.3984
1489.796,623.3984
1514.796,623.3984
1539.796,623.3984
1564.796,623.3984
1589.796,623.3984
1614.796,623.3984
1639.796,623.3984
1664.796,623.3984
1689.796,623.3984
1714.796,623.3984
1739.796,623.3984
1764.796,623.3984
1789.796,623.3984
1814.796,623.3984
1839.796,623.3984
1864.796,623.3984
1889.796,623.3984
1914.796,623.3984
1939.796,623.3984
1964.796,623.3984
1989.796,623.3984
2014.796,623.3984
2039.796,623.3984
2064.796,623.3984
2089.796,623.3984
2114.796,623.3984
2139.796,623.3984
2164.796,623.3984
2189.796,623.3984
2214.796,623.3984
2239.796,623.3984
2264.796,623.3984
2289.796,623.3984
2314.796,623.3984
2339.796,623.3984
2364.796,623.3984
2389.796,623.3984
2414.796,623.3984
2439.796,623.3984
2464.796,623.3984
2489.796,623.3984
-215.3833,286.2803,blue,50,-218.3238,-307.4588,45,True
-218.3238,-307.4588,blue,50,-213.7054,286.399,45,True
1192.329,695.1136,red,10,1193.948,-709.4509,180,True
1746.854,-708.8131,red,10,1746.854,641.1869,180,True
263.8068,228.4635,264.7672,-11.8248,green,50,50
256.3611,-269.7074,256.3611,-13.50276,green,50,50
-483.993,-15.17428,267.3591,-14.23438,aqua,50,100
716.0438,-16.42274,262.6457,-23.45072,aqua,50,100
1539.406,6.350052,1464.863,0.8629761,green,50,15
1758.264,24.68246,2006.278,18.47455,red,40,20
2219.757,246.566,2523.667,36.94505,aqua,50,200
491.9728,627.6003
1539.406,6.350052
512.7342,-655.6935
