6,18,75,10,0,2,0,0
-766.0809,56.40311,red,23,false
409.896,-226.7061,blue,35,false
843.5363,-342.1086,green,35,false
969.3804,-153.7618,black,350,true
-355.0339,-348.3149,black,350,true
1220.02,333.9,orange,35,false
178.7937,208.7172,30,30,0
182.5504,94.65791,30,30,0
254.924,78.44582,30,30,0
383.2103,78.25033,30,30,0
517.1733,66.64826,30,30,0
689.6401,82.33887,30,30,0
279.6511,205.6123,30,30,0
415.131,220.8408,30,30,0
559.3154,199.2839,30,30,0
671.7925,229.5452,30,30,0
748.5333,132.9661,30,30,0
132.1306,147.4657,30,30,0
921.5755,169.8329,30,30,0
999.6044,233.059,30,30,0
899.8853,558.719,30,30,0
997.864,503.0829,30,30,0
1131.078,422.36,30,30,0
1124.662,251.0068,30,30,0
214.4567,166.0361
234.4567,166.0361
254.4567,166.0361
274.4567,166.0361
294.4567,166.0361
314.4567,166.0361
334.4567,166.0361
354.4567,166.0361
374.4567,166.0361
394.4567,166.0361
414.4567,166.0361
434.4567,166.0361
454.4567,166.0361
474.4567,166.0361
494.4567,166.0361
514.4567,166.0361
534.4567,166.0361
554.4567,166.0361
574.4567,166.0361
594.4567,166.0361
614.4567,166.0361
634.4567,166.0361
654.4567,166.0361
674.4567,166.0361
694.4567,166.0361
216.2968,143.2732
236.2968,143.2732
256.2968,143.2732
276.2968,143.2732
296.2968,143.2732
316.2968,143.2732
336.2968,143.2732
356.2968,143.2732
376.2968,143.2732
396.2968,143.2732
416.2968,143.2732
436.2968,143.2732
456.2968,143.2732
476.2968,143.2732
496.2968,143.2732
516.2968,143.2732
536.2968,143.2732
556.2968,143.2732
576.2968,143.2732
596.2968,143.2732
616.2968,143.2732
636.2968,143.2732
656.2968,143.2732
676.2968,143.2732
696.2968,143.2732
215.4044,117.8278
235.4044,117.8278
255.4044,117.8278
275.4044,117.8278
295.4044,117.8278
315.4044,117.8278
335.4044,117.8278
355.4044,117.8278
375.4044,117.8278
395.4044,117.8278
415.4044,117.8278
435.4044,117.8278
455.4044,117.8278
475.4044,117.8278
495.4044,117.8278
515.4044,117.8278
535.4044,117.8278
555.4044,117.8278
575.4044,117.8278
595.4044,117.8278
615.4044,117.8278
635.4044,117.8278
655.4044,117.8278
675.4044,117.8278
695.4044,117.8278
-365.4154,272.9247,aqua,35,-668.6912,278.9609,15,True
-161.9271,-153.7258,aqua,35,-593.5909,-153.0361,15,True
-504.3667,35.55001,yellow,35,-37.71787,35.49988,25,True
-708.8063,-296.8158,orange,35,174.7958,-361.0734,25,True
26.19604,125.8979,green,35,-319.9534,124.68,25,True
40.0242,-448.082,blue,45,-717.3097,-442.0471,30,True
-673.4431,396.5158,blue,45,-114.7991,389.2639,30,True
-106.2601,385.154,yellow,35,412.3177,372.0914,15,True
827.6747,282.1848,red,35,220.2177,286.0322,15,True
730.0313,394.5995,orange,35,918.1893,389.0014,15,True
224.4626,-106.0673,444.1908,-186.1618,orange,45,15
899.4385,78.46954,886.7817,-285.9704,aqua,35,15
