2,0,0,9,0,4,0,0,0
-392.0157,71.68061,orange,40,false
2091.885,876.9163,purple,40,false
-127.356,521.157,orange,40,-115.5759,-364.9685,30,True
34.94766,-332.2461,orange,40,45.41885,522.4659,30,True
1850,924.0366,red,40,1165.183,333.4607,30,True
1859.424,779.5341,orange,40,1102.356,166.9686,30,True
1862.565,675.8691,yellow,40,1092.932,129.2722,30,True
1853.141,550.2147,green,40,1089.791,110.4241,30,True
1856.283,462.2565,blue,40,1070.942,113.5655,30,True
1865.707,336.6021,aqua,40,1036.387,129.2722,30,True
1871.99,229.7958,purple,40,1067.801,141.8377,30,True
185.4712,135.0314,635.733,137.6492,blue,40,30
981.2827,133.7225,631.8062,140.267,green,40,30
632.3298,386.0785,636.2565,136.0785,aqua,40,20
633.9005,-110.7801,641.7538,141.8377,aqua,40,20
