3,0,52,5,0,17,6,2
-403.7958,95.24084,yellow,40,false
1846.466,171.1571,aqua,30,false
2585.471,192.623,red,40,false
1256.675,37.64922
1256.675,188.1728
1582.592,209.1151
1595.681,156.7591
1568.194,72.98953
1329.974,182.9371
1257.984,329.534
335.2094,474.822
303.7958,443.4084
284.1623,415.9214
260.6021,358.3298
221.335,287.6492
226.5706,317.7539
195.157,230.0576
196.4659,186.8638
182.0681,103.0942
199.0837,46.81153
213.4816,-39.57592
227.8796,-80.15184
259.2932,-127.2723
275,-158.6858
353.534,-243.7644
409.8167,-242.4555
481.8062,-242.4555
544.6335,-242.4555
600.9163,-251.6178
696.4659,-263.3979
785.4712,-260.7801
864.0052,-260.7801
915.0522,-249
953.0104,-166.5393
959.5549,-95.85864
970.0261,-48.73822
1014.529,40.267
1061.649,148.9058
1115.314,167.2304
1114.005,288.9581
1104.843,329.534
1018.456,328.2252
1025,405.4502
1022.382,434.2461
1013.22,460.4241
922.9058,457.8063
903.2723,563.8272
792.0157,524.5602
778.9267,612.2565
708.2461,557.2827
623.1676,618.801
532.8534,523.2513
471.3351,561.2095
405.8901,541.5759
370.5497,524.5602
1309.555,362.2565,aqua,40,1355.366,355.7121,30,True
1538.613,28.48694,aqua,40,1528.141,362.2565,30,True
1883.639,499.6911,aqua,40,-0.5,0,30,False
1873.168,-12.08899,aqua,40,0.5,0,30,False
2032.853,206.4974,red,40,1,0,30,False
685.6021,248.1205,673.0366,97.33503,yellow,40,20
727.4869,331.8901,664.6596,101.5236,yellow,40,20
807.068,394.7172,643.7172,84.76961,yellow,40,20
890.8376,424.0366,639.5287,101.5236,yellow,40,20
970.4188,424.0366,652.0942,151.7852,yellow,40,20
731.6753,160.1623,643.7172,172.7278,green,40,20
794.5025,109.9005,664.6596,160.1623,green,40,20
836.3873,51.26169,677.2251,172.7278,green,40,20
848.9528,-11.56542,693.9791,164.3509,green,40,20
853.1412,-91.14659,677.2251,176.9163,green,40,20
836.3873,-179.1047,664.6596,193.6703,green,40,20
597.644,155.9738,681.4135,181.1046,red,40,20
509.6858,172.7278,689.7905,181.1046,red,40,20
442.67,193.6703,698.1674,181.1046,red,40,20
396.5968,273.2513,685.6021,176.9163,red,40,20
375.6544,361.2095,689.7905,176.9163,red,40,20
392.4084,470.1099,681.4135,172.7278,red,40,20
705.3665,286.6021
633.377,268.2775
552.2252,166.1832
654.3194,66.70682
764.267,134.7696
772.1204,133.4607
665.8376,176.3927
705.3665,286.6021
