4,7,104,49,0,29
-2144.225,-2583.961,aqua,40,false
113.0137,-1041.466,black,500,true
166.4855,-1042.907,purple,35,false
1301.999,-1503.113,yellow,35,false
-640.4109,-945.5753,30,30,0
-431.5068,-1024.342,30,30,0
-160.9589,-1164.753,30,30,0
376.7123,-1219.548,30,30,0
469.1781,-1154.479,30,30,0
643.8356,-1031.192,30,30,0
777.3973,-945.5753,30,30,0
202.0548,-188.726
178.0822,-113.3836
150.6849,-41.4658
119.863,9.904044
75.34247,30.45203
13.69865,37.30132
-17.12328,6.4794
-10.27396,-27.76716
13.69865,-55.16444
58.21917,-55.16444
71.91781,-17.49317
30.82192,20.17804
205.4794,-250.3699
188.3562,-301.7397
150.6849,-335.9863
106.1644,-366.8082
71.91781,-407.9041
47.94522,-455.8493
41.0959,-493.5206
44.52055,-534.6165
61.64384,-568.863
82.19179,-592.8356
99.31507,-616.8082
150.6849,-633.9315
202.0548,-633.9315
253.4247,-633.9315
301.3699,-616.8082
369.863,-603.1096
455.4795,-603.1096
513.6986,-623.6575
551.3699,-647.6301
585.6165,-688.726
589.0411,-726.3973
602.7397,-774.3425
595.8904,-808.5891
582.1918,-839.4109
568.4931,-856.5342
534.2466,-870.2328
554.7945,-863.3835
513.6986,-866.8082
500,-849.6849
500,-825.7123
500,-808.5891
510.274,-801.7397
527.3973,-801.7397
537.6712,-808.5891
537.6712,-815.4384
537.6712,-825.7123
523.9726,-835.9863
397.2603,-421.6028
421.2329,-421.6028
431.5068,-390.7809
414.3835,-366.8082
376.7123,-366.8082
369.863,-377.0822
363.0137,-404.4795
352.7397,-442.1507
335.6164,-490.0959
325.3425,-520.9178
287.6712,-534.6165
246.5753,-538.0411
212.3288,-517.4932
171.2329,-510.6439
126.7123,-510.6439
95.89041,-520.9178
82.19179,-541.4658
71.91781,-575.7123
68.49316,-630.5068
65.0685,-678.452
41.0959,-722.9726
-3.424654,-753.7945
-58.21918,-757.2192
-106.1644,-729.8219
-126.7123,-678.452
-102.7397,-633.9315
-65.06848,-633.9315
-44.52053,-678.452
-58.21918,-705.8493
-75.34245,-699
-95.8904,-678.452
-75.34245,-661.3288
-589.0411,-976.3973
-561.6438,-986.6712
-530.8219,-993.5206
-489.726,-1007.219
-383.5616,-1055.164
-345.8904,-1072.288
-304.7945,-1096.26
-267.1233,-1120.233
-222.6027,-1144.205
414.3835,-1199
421.2329,-1185.301
434.9315,-1181.877
434.9315,-1195.575
428.0822,-1202.425
513.6986,-1123.657
534.2466,-1103.11
554.7945,-1082.562
578.7671,-1062.014
599.3151,-1044.89
678.0822,-1000.37
691.7808,-983.2465
712.3287,-966.1233
732.8767,-952.4246
-2205.692,-1720.325,red,0,0,-50,-18.56779
-811.183,-4700.767,red,0,0,-50,-18.56779
1289.631,-3936.492,red,0,0,-50,-18.56779
1518.559,-1869.179,red,0,0,-50,-18.56779
1236.185,-1419.005,red,0,0,-50,-18.56779
1493.398,-1816.913,red,0,0,-50,-18.56779
1437.704,-3710.533,red,0,0,-50,-18.56779
-1320.76,-4511.466,red,0,0,-50,-18.56779
1405.869,-1404.619,red,0,0,-50,-18.56779
-2403.892,-2337.607,red,0,0,-50,-18.56779
1032.75,-4404.472,red,0,0,-50,-18.56779
-2491.458,-3256.786,red,0,0,-50,-18.56779
1353.636,-1124.358,red,0,0,-50,-18.56779
40.22954,-5003.541,red,0,0,-50,-18.56779
-2688.254,-3009.602,red,0,0,-50,-18.56779
117.6409,-304.4155,red,0,0,-50,-18.56779
633.269,-4975.758,red,0,0,-50,-18.56779
-2790.499,-2093.309,red,0,0,-50,-18.56779
580.845,-283.2913,red,0,0,-50,-18.56779
2195.883,-3322.817,red,0,0,-50,-18.56779
-1560.048,-5027.602,red,0,0,-50,-18.56779
-2181.115,-740.3374,red,0,0,-50,-18.56779
-302.5124,-2668.368,red,0,0,-50,-18.56779
-306.4504,-2759.379,red,0,0,-50,-18.56779
-446.1719,-2687.001,red,0,0,-50,-18.56779
-140.3742,-2684.65,red,0,0,-50,-18.56779
-333.5749,-2535.024,red,0,0,-50,-18.56779
-429.4533,-2899.055,red,0,0,-50,-18.56779
-488.7256,-2455.833,red,0,0,-50,-18.56779
-13.02491,-2608.617,red,0,0,-50,-18.56779
-310.2336,-3052.29,red,0,0,-50,-18.56779
-627.8434,-2393.321,red,0,0,-50,-18.56779
83.93931,-2478.791,red,0,0,-50,-18.56779
-323.881,-3195.738,red,0,0,-50,-18.56779
-873.019,-2674.17,red,0,0,-50,-18.56779
-115.5153,-2140.023,red,0,0,-50,-18.56779
248.125,-2923.63,red,0,0,-50,-18.56779
-232.834,-1973.363,red,0,0,-50,-18.56779
-1004.485,-2758.02,red,0,0,-50,-18.56779
-471.7387,-3466.749,red,0,0,-50,-18.56779
-230.7223,-1831.539,red,0,0,-50,-18.56779
187.0343,-3444.818,red,0,0,-50,-18.56779
618.3315,-2289.153,red,0,0,-50,-18.56779
-1294.148,-2694.203,red,0,0,-50,-18.56779
-1364.35,-3056.498,red,0,0,-50,-18.56779
1828.128,-2454.802,red,0,0,-50,-18.56779
-2571.102,-2671.182,red,0,0,-50,-18.56779
1983.247,-2792.328,red,0,0,-50,-18.56779
-2353.513,-1403.644,red,0,0,-50,-18.56779
-52.5615,-995.3461,263.6986,-183.2466,blue,0,10
166.4855,-1042.907,503.4247,-251.7397,green,0,15
901.8922,-3190.14,352.7397,-354.4794,purple,0,-10
476.459,-2058.962,294.5205,-392.1507,yellow,0,-10
-1010.707,-3534.355,482.8767,-438.726,red,0,-10
-649.2369,-1302.554,-345.8904,-315.4384,red,0,10
1819.782,-3028.056,321.9178,238.6712,red,0,10
-2137.205,-2487.921,143.8356,-401.7397,aqua,0,20
-1217.951,-1784.217,157.5343,-364.0685,green,0,-20
-346.1328,-3759.623,102.7397,-1058.589,blue,0,-20
-379.5924,-2911.067,102.7397,-1072.288,blue,0,-20
-510.8895,-3603.842,123.2877,-1041.466,blue,0,-20
-543.8248,-2010.28,85.61645,-1048.315,blue,0,-20
-2864.976,-1832.535,212.3288,-2106.534,green,0,-20
-440.6738,-2622.378,164.3836,-2267.493,green,0,-20
1753.647,-3326.872,-47.94521,-2377.082,green,0,-20
1680.144,-2421.683,-3.424654,-2301.74,green,0,-20
-360.7141,-2771.923,-171.2329,-1825.712,yellow,0,-20
-439.0373,-2423.025,592.4658,-2058.589,yellow,0,-20
1436.835,-4419.5,188.3562,-2219.548,yellow,0,-20
174.2845,-461.0811,-273.9726,-2633.931,yellow,0,-20
-277.5421,-2705.708,359.5891,-2699,yellow,0,-20
-2568.64,-2770.041,-527.3972,-2315.438,aqua,0,-20
-2688.254,-3009.602,215.7534,-2661.329,aqua,0,-20
-4.958305,-2782.203,527.3973,-1839.411,aqua,0,-20
-1777.516,-4731.399,-195.2055,-2178.452,purple,0,-20
-537.428,-421.5385,13.69865,-2805.164,purple,0,-20
-2099.798,-1065.585,-537.6712,-2870.233,purple,0,-20
227.6001,-2448.659,520.5479,-2411.329,purple,0,-20
