2,14,85,128,7,0
-490.2343,88.23956,red,35,false
23726.56,1221.833,yellow,35,false
9674.609,930.6876,30,30,0
9975.391,471.3126,30,30,0
10664.45,711.9374,30,30,0
12091.8,772.0938,30,30,0
11123.83,1056.469,30,30,0
11364.45,99.4375,30,30,0
11594.4,509.5938,30,30,0
12555.08,1131.208,30,30,0
12966.8,372.354,30,30,0
13491.54,671.0522,30,30,0
13176.69,1236.156,30,30,0
14125.39,404.646,30,30,0
14747,953.6041,30,30,0
13899.35,953.6041,30,30,0
719.2056,564.9321
904.1016,564.9321
1135.222,564.9321
1320.117,564.9321
1486.523,564.9321
1634.44,564.9321
1763.867,564.9321
1847.07,564.9321
1921.029,564.9321
2150.391,9.593618
2279.297,1
2519.922,1
2726.172,52.5625
2760.547,95.53138
2941.016,241.6249
2966.797,413.5
3035.547,576.7811
3147.266,602.5624
3327.734,602.5624
3473.828,533.8126
3594.141,361.9375
3843.359,112.7186
3998.438,190.5835
4071.354,314.5416
4107.813,387.4584
4224.479,482.25
4377.605,606.2084
4384.896,642.6666
4516.146,759.3334
4720.313,897.875
4960.938,970.7916
5216.146,1014.542
5536.979,970.7916
5763.021,803.0834
5945.313,606.2084
6018.229,606.2084
6331.771,591.625
6470.313,613.5
6674.48,766.625
6915.105,941.625
7148.438,897.875
7483.854,730.1666
7600.521,474.9584
7753.646,-57.33328
7950.521,-35.45828
8059.896,44.75
8213.021,168.7085
8322.396,270.7916
8373.438,329.125
8657.813,533.2916
8891.146,547.875
8891.146,547.875
19289.65,1451
19414.26,1451
19493.55,1451
19697.46,1451
20071.29,1451
20377.15,1462.328
20547.07,1462.328
20943.55,1462.328
15666.73,823.7866
15968.03,823.7866
16165.04,823.7866
16338.87,823.7866
16547.46,823.7866
16883.53,823.7866
17277.54,823.7866
17544.08,823.7866
17845.38,823.7866
18100.33,823.7866
21438.09,1235.375
21551.24,1235.375
21767.25,1235.375
21890.69,1235.375
22147.85,1235.375
22446.16,1235.375
22590.17,1235.375
22478.97,716.3644
22871.55,716.3644
22993.69,716.3644
23098.37,716.3644
23211.78,716.3644
23264.13,716.3644
23394.99,716.3644
23726.5,716.3644
-601.4974,342.4063,aqua,35,1,0,85
135.7422,198.9167,aqua,35,1,0,85
702.2786,260.7657,aqua,35,1,0,85
296.5496,-65.79688,aqua,35,1,0,85
-1199.544,13.23968,aqua,35,1,0,85
-348.8933,-451.8645,aqua,35,1,0,85
-355.013,808.8125,aqua,35,1,0,85
581.3149,741.4947,aqua,35,1,0,85
1872.591,668.0572,aqua,35,1,0,85
1285.091,-60.19796,aqua,35,1,0,85
1125.977,545.6616,aqua,35,1,0,85
2558.008,56.07813,aqua,35,1,0,85
1503.32,264.1509,aqua,35,1,0,85
2433.529,319.2291,aqua,35,1,0,85
3014.909,833.2916,aqua,35,1,0,85
3535.091,349.8281,aqua,35,1,0,85
2745.638,-347.8281,aqua,35,1,0,85
1448.242,-347.8281,aqua,35,1,0,85
4936.523,43.83845,aqua,35,1,0,85
4446.94,429.3853,aqua,35,1,0,85
5524.153,749.8281,aqua,35,1,0,85
5995.639,47.22409,aqua,35,1,0,85
7105.013,213.6303,aqua,35,1,0,85
7733.659,722.0937,aqua,35,1,0,85
8815.3,851.5209,aqua,35,1,0,85
6762.956,722.0937,aqua,35,1,0,85
4784.571,1267.536,aqua,35,1,0,85
7382.357,-257.8542,aqua,35,1,0,85
9296.028,-17.48951,aqua,35,1,0,85
217.6436,518.7084,aqua,35,1,0,100
-1141.341,564.9321,aqua,35,1,0,100
393.2947,-313.323,aqua,35,1,0,100
2075.847,-211.6301,aqua,35,1,0,100
911.0029,28.73437,aqua,35,1,0,100
1927.93,296.8335,aqua,35,1,0,100
2399.415,943.9687,aqua,35,1,0,100
3638.217,999.4374,aqua,35,1,0,100
4211.393,943.9687,aqua,35,1,0,100
4072.722,-63.71361,aqua,35,1,0,100
5265.3,306.0781,aqua,35,1,0,100
4830.794,851.5209,aqua,35,1,0,100
6587.305,851.5209,aqua,35,1,0,100
5746.029,1230.557,aqua,35,1,0,100
6300.717,426.2603,aqua,35,1,0,100
7900.065,296.8335,aqua,35,1,0,100
7141.992,1147.354,aqua,35,1,0,100
8121.94,1221.312,aqua,35,1,0,100
8343.815,638.8906,aqua,35,1,0,100
9296.028,620.4009,aqua,35,1,0,100
8658.138,204.3853,aqua,35,1,0,100
3037.305,1,aqua,35,1,0,120
1345.508,953.2133,aqua,35,1,0,120
-1159.83,-331.8125,aqua,35,1,0,120
3453.321,-45.22388,aqua,35,1,0,120
3129.753,463.2397,aqua,35,1,0,120
5330.013,925.4789,aqua,35,1,0,120
5958.659,925.4789,aqua,35,1,0,120
5903.19,389.2812,aqua,35,1,0,120
7299.153,620.4009,aqua,35,1,0,120
6624.284,259.854,aqua,35,1,0,120
6587.305,1156.599,aqua,35,1,0,120
7863.086,1138.109,aqua,35,1,0,120
8741.341,1156.599,aqua,35,1,0,120
8205.144,444.75,aqua,35,1,0,120
2473.373,759.0728,aqua,35,1,0,160
4063.477,537.1978,aqua,35,1,0,160
4562.696,-248.6094,aqua,35,1,0,160
4867.774,490.9741,aqua,35,1,0,160
5616.602,481.729,aqua,35,1,0,160
7280.664,962.4584,aqua,35,1,0,160
8260.612,916.2343,aqua,35,1,0,160
5561.133,-17.48951,aqua,35,1,0,160
1031.185,-267.0989,aqua,35,1,0,160
-706.8357,-119.1824,aqua,35,1,0,160
-697.5911,592.6665,aqua,35,1,0,160
-115.1692,463.2397,aqua,35,1,0,160
14797.27,380.4272,orange,35,1,0,160
15911.33,477.3022,orange,35,1,0,160
14813.41,662.9791,orange,35,1,0,160
14183.72,1106.99,orange,35,1,0,160
15087.89,1389.542,orange,35,1,0,160
18591.54,1115.063,orange,35,1,0,160
16823.57,1115.063,orange,35,1,0,160
18591.54,-31.29173,orange,35,1,0,160
17493.62,533.8125,orange,35,1,0,160
18841.8,606.4688,orange,35,1,0,160
19972,1066.625,orange,35,1,0,160
17897.27,1324.958,orange,35,1,0,160
19503.78,1696.313,orange,35,1,0,160
20923.63,1315.063,orange,35,1,0,160
21988.48,703.3439,orange,35,1,0,160
22758.79,1133.812,orange,35,1,0,160
24084.18,1394.359,orange,35,1,0,160
21931.84,1518.969,orange,35,1,0,160
15361.52,816.625,orange,35,1,0,175
16109.18,1451,orange,35,1,0,175
17230.66,1054.516,orange,35,1,0,175
19009.18,1247.094,orange,35,1,0,175
18012.3,590.0623,orange,35,1,0,175
16550.98,499.4377,orange,35,1,0,175
19428.32,533.4221,orange,35,1,0,175
20357.23,703.3439,orange,35,1,0,175
20391.21,1484.984,orange,35,1,0,175
21603.32,986.5469,orange,35,1,0,175
23234.57,1620.922,orange,35,1,0,175
21252.15,1813.5,orange,35,1,0,175
23710.35,601.3908,orange,35,1,0,175
23279.88,1235.766,orange,35,1,0,175
21082.23,408.8125,orange,35,1,0,175
15995.9,1099.828,orange,35,1,0,200
13730.27,556.0779,orange,35,1,0,200
17015.43,1564.281,orange,35,1,0,200
17774.41,941.2346,orange,35,1,0,200
18408.79,1609.594,orange,35,1,0,200
19405.66,1065.844,orange,35,1,0,200
20753.71,918.5781,orange,35,1,0,200
20844.34,1847.484,orange,35,1,0,200
21388.09,1417.016,orange,35,1,0,200
22452.93,1609.594,orange,35,1,0,200
22441.6,1360.375,orange,35,1,0,200
22215.04,997.8748,orange,35,1,0,200
23211.91,850.6094,orange,35,1,0,200
20028.71,363.5002,orange,35,1,0,200
16981.45,363.5002,orange,35,1,0,200
23101.37,2017.406,orange,35,1,0,200
24177.54,952.5625,orange,35,1,0,200
24188.87,1077.172,orange,35,1,0,200
22784.18,578.7344,orange,35,1,0,200
11686.33,913.2397
12307.94,445.0103
13179.82,856.7291
14326.17,816.3647
14075.91,1276.521
10895.18,428.8647
10265.49,864.8022
