3,0,0,10,0,0,3,4
-176.8544,43.95533,red,40,false
415.522,246.7045,black,400,true
13.73626,-480.0996,black,400,true
-302.1978,-270.4777,red,40,1,-2,10,False
-178.5714,-191.4398,red,40,1,-2,10,False
13.73626,-157.0756,red,40,1,-2,10,False
-168.2692,598.9381,red,40,1,-2,10,False
6.868132,753.5773,red,40,1,-2,10,False
168.2692,836.0515,red,40,1,-2,10,False
54.94506,409.9347,red,40,1,-2,10,False
370.8792,688.2852,red,40,1,-2,10,False
219.7802,571.4467,red,40,1,-2,10,False
-312.5,-435.4261,red,40,1,-2,10,False
302.1978,-210.3402
-218.0632,214.0584
-176.8544,43.95533
236.9506,-124.4296
302.1978,-210.3402
-218.0632,214.0584
-176.8544,43.95533
