22,0,20,0,0,0,3,0,8,30,200
-540.6353,-56.18298,green,25,false
159.8503,-532.8265,green,25,false
-156.2074,-41.97083,purple,25,false
-334.4397,168.3279,blue,25,false
337.339,339.8257,blue,25,false
-934.399,-260.4312,aqua,45,false
58.96744,544.8171,aqua,45,false
-796.0532,-583.9963,orange,25,false
285.9164,-83.07605,orange,25,false
50.61267,223.7942,red,25,false
-538.4202,461.6996,red,25,false
449.6688,-375.9572,purple,25,false
470.0505,-670.3844,aqua,25,false
627.6335,-26.21246,aqua,25,false
61.64346,-799.6024,blue,25,false
-566.8297,-795.4249,blue,25,false
-236.8422,452.6758,green,25,false
-166.4207,-869.9795,green,25,false
-136.3871,-350.1868,yellow,30,false
-323.1596,-636.58,purple,20,false
-509.5883,-380.1516,red,30,false
-801.3774,236.0573,yellow,30,false
-36.6387,-348.2275
-41.53305,-317.3258
-55.737,-289.4489
-77.86018,-267.3258
-105.737,-253.1218
-136.6387,-248.2275
-167.5404,-253.1218
-195.4172,-267.3258
-217.5404,-289.449
-231.7444,-317.3258
-236.6387,-348.2275
-231.7444,-379.1292
-217.5404,-407.006
-195.4172,-429.1292
-167.5404,-443.3331
-136.6387,-448.2275
-105.737,-443.3331
-77.86015,-429.1292
-55.73698,-407.006
-41.53305,-379.1292
-79.55526,-592.3871
-783.5538,-20.12448
508.0187,186.0701
-1172.478,-233.6303,-986.6757,567.9323,false
-986.6757,567.9323,-46.52277,807.7283,false
-46.52277,807.7283,637.6954,485.4812,false
637.6954,485.4812,851.6503,-131.3449,false
851.6503,-131.3449,657.225,-1024.037,false
703.8418,-810.8295,-207.3697,-1177.52,false
-207.3697,-1177.52,-906.7852,-1008.452,false
-716.1525,-1125.686,-1199.745,-180.799,false
