13,0,63,56,0,0
-1174.844,125.4583,red,35,false
1106.083,133.6667,black,50,true
-8.885498,413.1875,black,50,true
2236.391,-143.5521,black,50,true
2836.13,551.6563,black,50,true
2684.359,850.3021,black,100,true
3854.75,44.33326,black,100,true
4439.583,634,black,100,true
5767.703,-291.4062,black,100,true
5991.297,1033.281,black,600,true
4683.484,-211.25,black,50,true
6497.547,126.25,black,50,true
7525.385,483.7291,yellow,35,false
4445.656,632.5
3858.406,35.12508
4698.354,-198.7084
5777.563,-250.3333
6000.5,756.9999
6501.5,142
2709.74,882.9167
-743.0939,-394.75
-720.2814,-344.5625
-702.0314,-298.9375
-660.9689,-230.5
-574.2814,-143.8125
-519.5314,-75.37504
-419.1564,34.12507
-341.5939,120.8125
-254.9063,171.0001
-159.094,244
-22.21887,244
96.40613,248.5624
233.281,321.5626
479.656,467.5625
675.8438,563.3749
721.4686,558.8126
767.0935,513.1876
894.8436,417.3751
903.9687,330.6874
967.8436,207.4999
1040.844,125.3749
1109.281,129.9376
1191.406,116.2501
1255.281,43.24993
1360.219,-98.18751
1483.406,-221.375
1624.844,-248.75
1766.281,-248.75
1898.594,-225.9375
2035.469,-212.25
2135.844,-175.75
2190.594,-134.6875
2231.656,-93.62498
2327.469,139.0624
2395.906,303.3124
2409.594,412.8125
-236.6565,367.1875
-13.09399,70.62494
1419.531,472.1251
1419.531,-554.4376
511.5936,-417.5626
1081.906,741.3125
1460.594,645.5
319.9686,84.31244
-866.2814,212.0626
-775.0314,417.3751
3152.901,202.8125
3721.901,748.1042
4184.214,327.2813
5019.933,837.0105
5227.38,119.8332
6258.693,451.75
7159.307,409.0209
7137.901,837.1459
7009.463,-375.875
3513.109,-432.9583
-846.5313,101.8542,red,35,1,-0.25,25
-612.6354,361.5,red,35,1,-0.25,25
-363.7188,267.0833,red,35,1,-0.25,25
104.0729,511.7083,red,35,1,-0.25,25
661.9896,267.0833,red,35,1,-0.25,25
992.448,453.7708,red,35,1,-0.25,25
215.2395,211.7708,white,35,1,-0.25,25
1155.844,680.5,white,35,1,-0.25,25
1615.135,274.6875,white,35,1,-0.25,25
2071.281,538.9375,white,35,1,-0.25,25
2507.828,364,white,35,1,-0.25,25
1789.391,761.0313,white,35,1,-0.25,25
3001.813,698.5,white,35,1,-0.25,25
-939.0626,388.4999,blue,40,1,-0.25,30
-334.5627,473.7501,blue,40,1,-0.25,30
-105.9376,218.0001,blue,40,1,-0.25,30
638.0625,396.25,blue,40,1,-0.25,30
1269.688,787.6251,blue,40,1,-0.25,30
1273.562,388.4999,blue,40,1,-0.25,30
2091.187,311.0001,blue,40,1,-0.25,30
2482.563,679.1249,blue,40,1,-0.25,30
-907.75,-233.1667,blue,30,1,0.25,25
-351.9167,-238,blue,30,1,0.25,25
-119.9166,-194.5,blue,30,1,0.25,25
102.4167,-363.6667,blue,30,1,0.25,25
653.4167,-291.1667,blue,30,1,0.25,25
953.0836,-160.6667,blue,30,1,0.25,25
1392.917,-286.3333,blue,30,1,0.25,25
1470.25,-78.5,blue,30,1,0.25,25
1982.583,-97.83325,blue,30,1,0.25,25
2480.417,-204.1667,blue,30,1,0.25,25
-559.75,-450.6666,red,35,1,0.25,30
232.9166,-450.6666,red,35,1,0.25,30
460.0833,-276.6667,red,35,1,0.25,30
861.2499,-387.8334,red,35,1,0.25,30
1185.083,-160.6667,red,35,1,0.25,30
1939.083,-300.8333,red,35,1,0.25,30
2412.75,-15.66675,red,35,1,0.25,30
2644.75,-296,red,35,1,0.25,30
812.9167,656.1667,red,45,-1,-1,30
2001.917,90.66675,red,45,-1,-1,30
2132.417,980,red,45,-1,-1,30
-66.75009,607.8333,red,45,-1,-1,30
-202.0833,-484.5,red,45,1,0.85,30
290.9166,-165.5,red,45,1,0.85,30
1189.917,-441,red,45,1,0.85,30
585.7499,-557,white,35,1,1,30
-627.4166,603,white,35,0,-1,30
2006.75,752.8333,blue,35,0,-1,30
392.4167,574,blue,35,0,-1,40
1678.084,-489.3334,blue,35,0,1,40
-815.9167,-518.3334,blue,35,0,1,40
837.0835,-518.3334,white,35,0,1,25
2190.417,-267,white,35,0,1,25
-52.25003,-368.5,white,35,0,1,25
-583.9166,-595.6666,white,35,0,1,25
