13,50,39,28,0,0
-1117.776,77.85413,red,35,false
1261.823,71.14588,black,50,true
4944.396,732.8751,red,55,false
5191.438,-8.25,red,55,false
6628.313,435.4166,red,55,false
8249.734,432.5624,red,55,false
7361.641,-1052.625,black,800,true
7344.609,1445.292,black,800,true
6119.328,-455.2812,black,800,true
5676.359,1098.625,black,800,true
4706.047,-968.5625,black,800,true
4466.984,1443.156,black,800,true
8442.516,427.3436,yellow,35,false
2541.099,720.3021,30,30,0
2541.099,689.5729,30,30,0
2544.172,612.75,30,30,0
2544.172,422.2291,30,30,0
2544.172,360.7709,30,30,0
2544.172,314.6771,30,30,0
2544.172,71.91662,30,30,0
2544.172,16.60412,30,30,0
2547.245,-60.21875,30,30,0
2547.245,-133.9688,30,30,0
3002.037,649.625,30,30,0
3002.037,569.7291,30,30,0
3005.109,594.3125,30,30,0
3005.109,514.4166,30,30,0
3002.037,277.8021,30,30,0
3002.037,237.8541,30,30,0
3002.037,170.25,30,30,0
3002.037,68.84375,30,30,0
3002.037,-44.85412,30,30,0
3002.037,-1.833382,30,30,0
3020.474,-90.94794,30,30,0
3423.026,803.2709,30,30,0
3423.026,751.0313,30,30,0
3416.88,563.5834,30,30,0
3416.88,508.2709,30,30,0
3419.953,247.0729,30,30,0
3419.953,176.3959,30,30,0
3423.026,191.7604,30,30,0
3413.807,16.60412,30,30,0
3413.807,-41.78125,30,30,0
3413.807,-97.09375,30,30,0
3413.807,-143.1875,30,30,0
3933.578,825.4063,30,30,0
3958.266,788.375,30,30,0
4024.099,739,30,30,0
4135.193,627.9063,30,30,0
4065.245,673.1667,30,30,0
4196.912,545.6145,30,30,0
4159.88,582.6458,30,30,0
4266.859,475.6667,30,30,0
4217.484,508.5833,30,30,0
4312.12,405.7188,30,30,0
4061.13,-149.75,30,30,0
4098.162,-100.375,30,30,0
4147.537,-63.34375,30,30,0
4192.797,6.604229,30,30,0
4233.943,101.2395,30,30,0
4254.516,150.6145,30,30,0
4291.547,212.3333,30,30,0
4316.234,269.9375,30,30,0
-1040.745,86.52078
-942.0886,86.52078
-679.0052,86.52078
-517.5677,86.52078
-344.1719,86.52078
-107.9948,86.52078
41.48434,86.52078
193.9532,86.52078
379.3073,86.52078
582.5989,86.52078
761.9741,83.53125
908.4634,77.55203
1040.005,77.55203
1186.495,77.55203
1328.266,76.71872
1467.422,76.71872
1656.141,76.71872
1871.547,76.71872
2083.141,76.71872
2239.453,84.34378
5223.286,33.42712
5240.224,-6.09375
5223.286,-54.08337
5178.12,-62.55212
5141.422,-28.67712
5144.245,13.66663
5178.12,47.54163
6626.276,485.0938
6668.62,459.6875
6668.62,408.875
6631.922,386.2916
6583.932,411.6979
6581.109,451.2188
8271.38,482.2709
8299.609,439.9271
8288.317,389.1146
8234.683,383.4688
8197.984,425.8125
8220.567,470.9791
-749.3281,383.0104,white,30,1,-0.25,25
-552.6719,579.6666,white,30,1,-0.25,25
-292.7239,301.6354,white,30,1,-0.25,25
62.1614,586.4479,white,30,1,-0.25,25
240.7344,367.1875,white,30,1,-0.25,25
570.7551,441.7813,white,30,1,-0.25,25
697.3385,317.4584,white,30,1,-0.25,25
961.8073,520.8959,white,30,1,-0.25,25
1056.745,351.3646,white,30,1,-0.25,25
1572.146,539.375,white,30,1,-0.25,25
1763.771,353.8334,white,30,1,-0.25,25
1389.646,314.2916,white,30,1,-0.25,25
2213.938,709.7084,white,30,1,-0.25,25
-849.4114,-245.3229,white,30,1,0.25,25
-523.5469,-245.3229,white,30,1,0.25,25
-430.8698,-62.95836,white,30,1,0.25,25
-131.9115,-179.5521,white,30,1,0.25,25
155.0885,-302.125,white,30,1,0.25,25
534.7655,-167.5938,white,30,1,0.25,25
618.474,-80.89586,white,30,1,0.25,25
845.6823,-245.3229,white,30,1,0.25,25
1291.13,-305.1146,white,30,1,0.25,25
1596.068,-239.3438,white,30,1,0.25,25
1948.839,-104.8125,white,30,1,0.25,25
2098.318,-179.5521,white,30,1,0.25,25
2777.38,784.2605,white,50,0,-1,35
3690.818,825.4063,white,50,0,-1,25
3197.068,-207.3541,white,50,0,1,25
