2,44,65,29,0,0
-896.5365,92.90625,red,35,false
4097.177,193.7084,yellow,35,false
1098.635,617.6666,30,30,0
1306.76,274.6459,30,30,0
2170.094,-83.79169,30,30,0
2401.344,135.8959,30,30,0
2497.698,482.7709,30,30,0
771.0312,166.7291,30,30,0
570.6145,-56.8125,30,30,0
339.3645,147.4584,30,30,0
-26.78137,478.9166,30,30,0
-84.59387,66.52089,30,30,0
1923.427,683.1875,30,30,0
1942.698,644.6459,30,30,0
1954.26,609.9584,30,30,0
1958.115,598.3959,30,30,0
3195.302,-365.1458,30,30,0
3187.594,-342.0208,30,30,0
3168.323,-199.4167,30,30,0
3168.323,-180.1458,30,30,0
3773.427,756.4166,30,30,0
3692.489,640.7916,30,30,0
3638.531,567.5625,30,30,0
2987.177,860.4791,30,30,0
3106.656,729.4375,30,30,0
3222.281,579.125,30,30,0
2459.156,305.4791,30,30,0
2705.823,309.3334,30,30,0
2852.281,309.3334,30,30,0
2382.073,-303.4792,30,30,0
2463.01,-199.4167,30,30,0
2466.865,-195.5625,30,30,0
2528.531,-87.64581,30,30,0
1356.865,251.5209,30,30,0
1376.135,255.375,30,30,0
1433.948,274.6459,30,30,0
1464.781,286.2084,30,30,0
1499.469,301.625,30,30,0
1572.698,371,30,30,0
1044.677,-264.9375,30,30,0
3603.844,-322.75,30,30,0
3885.198,-153.1667,30,30,0
3923.739,-103.0625,30,30,0
3904.468,212.9791,30,30,0
3800.406,1107.146,30,30,0
3777.281,949.125,30,30,0
1221.969,432.6666
1268.219,436.5209
1283.635,440.375
1314.469,440.375
1329.885,444.2291
1460.927,436.5209
1464.781,436.5209
1884.885,54.95839
1958.115,70.375
2000.51,70.375
2004.364,74.22911
2042.906,74.22911
2062.177,78.08339
2112.281,101.2084
2701.969,660.0625
2721.24,660.0625
2755.927,667.7709
2779.052,671.625
2806.031,671.625
2967.906,656.2084
3048.844,147.4584
3156.76,143.6041
3172.177,143.6041
3187.594,143.6041
3253.114,143.6041
3280.094,143.6041
65.71875,301.625
154.3645,301.625
312.3853,317.0416
335.5103,317.0416
374.052,317.0416
393.3228,317.0416
408.7395,317.0416
-427.6146,-126.1875
-419.9064,-126.1875
-408.3439,-126.1875
-365.9481,-126.1875
-346.6771,-126.1875
-296.573,-126.1875
323.9479,-118.4792
335.5103,-110.7708
350.9269,-110.7708
428.0103,-106.9167
458.8436,-99.20831
813.4269,20.27089
979.1562,1
979.1562,1
994.5727,8.708392
1006.135,16.41661
1017.698,24.125
1538.01,112.7709
1680.614,97.35411
1699.885,97.35411
1595.823,-241.8125
1626.656,-245.6667
1819.364,509.75
2135.406,417.25
2432.177,625.375
2466.865,8.708392
424.1561,1
682.3853,432.6666
-157.823,536.7291
-265.7397,108.9166
3006.448,-176.2917
3584.573,744.8541
-680.2864,-150.375,white,35,1,0,20
-471.2448,307.3542,white,35,1,0,20
-444.2135,118.1354,white,35,1,0,20
-47.75518,327.1771,white,35,1,0,20
316.2656,530.8125,white,35,1,0,20
83.79694,37.04169,white,35,1,0,20
346.901,-231.4688,white,35,1,0,20
-26.13017,-164.7917,white,35,1,0,20
557.7448,172.1979,white,35,1,0,20
759.0886,-140.5,white,35,1,0,20
1071.568,227.9896,white,35,1,0,20
850.4741,431.3959,white,35,1,0,20
1225.25,-202,white,35,1,0,20
1384.75,-23.16663,white,35,1,0,20
1510.417,634.1667,white,35,1,0,20
1887.417,324.8333,white,35,1,0,20
1573.25,228.1667,white,35,1,0,20
1848.75,-153.6666,white,35,1,0,20
2187.083,-13.5,white,35,1,0,20
2264.417,344.1667,white,35,1,0,20
2100.083,697,white,35,1,0,20
2607.583,223.3333,white,35,1,0,20
2583.417,-284.1666,white,35,1,0,20
2749.219,-68.06254,white,35,1,0,20
2882.031,16.9375,white,35,1,0,20
2860.781,473.8126,white,35,1,0,20
3299.365,926,white,35,1,0,20
3422.698,582.9791,white,35,1,0,20
3441.969,-137.75,white,35,1,0,20
