28,0,0,0,0,0,2,6,25,60,45000
-470.334,8.24858,blue,30,false
91.61746,35.04385,blue,30,false
-144.8029,410.5205,blue,30,false
625.5844,-109.4823,blue,30,false
326.1462,-292.143,blue,30,false
396.3306,266.0303,blue,30,false
-42.96877,-226.516,blue,30,false
165.544,214.4238,blue,30,false
-241.111,-94.3494,blue,30,false
65.35023,-435.649,blue,30,false
322.973,-112.3838,blue,30,false
-333.1642,-271.0893,green,30,false
77.18691,370.2021,green,30,false
-305.1089,137.2773,purple,30,false
-113.2397,11.66834,purple,30,false
321.5368,95.77728,purple,30,false
701.8301,129.4296,purple,30,false
-470.334,390.7023,purple,30,false
-757.2282,-387.9164,purple,30,false
-280.801,-639.6296,purple,30,false
611.0574,-520.4583,purple,30,false
71.68585,-639.6296,red,30,false
565.3266,519.3256,red,30,false
-617.6351,199.6405,red,30,false
-543.2148,-335.1344,red,30,false
-79.99662,628.2054,red,30,false
420.6089,-591.4362,red,30,false
695.0619,-299.0046,red,30,false
453.4023,-709.8258
420.6089,-591.4362
741.4504,-410.1784
22.53735,650.5351
-711.2866,188.9593
785.939,107.616
-615.0585,-410.1436
624.8473,579.9109
-469.5846,174.2924,-324.2141,311.8283,true
-252.5268,281.8845,-90.69421,209.2472,true
-19.69526,265.8059,-19.69526,106.3349,true
3.450975,-68.63071,179.506,-150.5666,true
-182.5213,-254.2022,-91.96654,-388.6356,true
-303.3859,-437.6385,-126.7993,-559.7668,true
-71.98364,-524.0364,-71.98364,-732.1703,true
-407.4572,-364.6178,-407.3614,-651.0014,true
-682.4941,-55.46275,-512.3303,-157.0504,true
-635.513,-478.6065,-492.0598,-528.6814,true
235.472,-389.5071,537.9952,-429.0197,true
507.1886,75.75497,469.2272,-233.008,true
294.2267,-490.3453,289.573,-761.4257,true
82.31058,-260.3722,191.4626,-307.6322,true
271.2635,442.3663,514.4393,359.4718,true
575.5557,265.6315,575.5557,113.9604,true
-263.2633,594.9351,-59.00741,502.0535,true
-724.0635,454.9765,-419.9542,640.4521,true
-835.1619,673.1057,62.24255,900.1141,false
62.24255,900.1141,782.3813,716.4113,false
782.3813,716.4113,929.0822,-420.0583,false
929.0822,-420.0583,691.1915,-805.3484,false
691.1915,-805.3484,-722.7131,-787.0034,false
-722.7131,-787.0034,-975.9904,-303.9228,false
-999.4642,-288.3726,-838.2244,633.4572,false
