19,8,42,0,0,12,3,0
-418.265,65.13179,red,35,false
209.0139,-35.41338,blue,50,false
1185.203,-50.44401,orange,35,false
-284.4078,-406.7223,purple,55,false
661.9968,-414.5739,purple,55,false
1540.856,-598.1298,purple,55,false
-270.6079,670.9742,purple,55,false
655.0885,685.488,purple,55,false
1656.348,679.187,purple,55,false
171.5814,574.6454,aqua,55,false
1238.65,572.0117,aqua,55,false
1165.982,-553.5708,aqua,55,false
159.3321,-543.3398,aqua,55,false
1597.955,98.57967,blue,55,false
2279.708,139.1782,red,55,false
713.0087,138.0146,yellow,70,false
-87.84412,180.5521,yellow,50,false
2652.187,135.4579,black,400,true
3138.837,276.2161,red,40,false
1831.196,499.6016,30,30,0
1921.343,338.0278,30,30,0
2055.671,249.8706,30,30,0
1834.32,-198.4024,30,30,0
1935.42,-56.21858,30,30,0
2062.07,23.95296,30,30,0
2155.417,66.06937,30,30,0
2151.383,219.4934,30,30,0
-36.63216,177.5023
-39.07934,192.9532
-46.18131,206.8916
-57.2429,217.9532
-71.18131,225.0551
-86.63216,227.5023
-102.083,225.0551
-116.0214,217.9532
-127.083,206.8916
-134.185,192.9532
-136.6322,177.5023
-134.185,162.0515
-127.083,148.1131
-116.0214,137.0515
-102.083,129.9495
-86.63216,127.5023
-71.1813,129.9495
-57.24289,137.0515
-46.1813,148.1131
-39.07934,162.0515
2336.695,138.6312
2334.467,154.1265
2327.964,168.3665
2317.712,180.1974
2304.543,188.661
2289.522,193.0714
2273.867,193.0714
2258.847,188.661
2245.677,180.1974
2235.426,168.3665
2228.923,154.1265
2226.695,138.6312
2228.923,123.1359
2235.426,108.896
2245.677,97.06499
2258.847,88.60147
2273.867,84.19104
2289.522,84.19105
2304.543,88.60147
2317.712,97.06499
2327.964,108.896
2334.467,123.1359
2663.842,406.3165,2666.518,156.9729,blue,40,14
2911.909,258.6357,2672.863,155.8279,orange,40,14
2483.567,347.9023,2667.147,147.7902,aqua,40,14
2403.478,135.2237,2671.842,148.0546,yellow,40,14
2525.31,-93.99159,2659.8,150.5433,red,40,14
2778.232,-105.2318,2655.962,150.5068,purple,40,14
2932.298,60.38958,2658.045,147.462,green,40,14
2785.061,323.4826,2665.501,239.2083,yellow,40,50
2652.111,135.455,2633.368,147.4903,green,40,50
2543.676,345.1789,2565.72,134.6416,purple,40,50
2651.328,135.1549,2636.862,121.9014,red,40,50
2868.314,3.516052,2683.19,135.6403,red,40,50
1385.004,12.94802
1492.133,52.88199
1276.689,-23.1572
