7,19,56,6,4,3
-812.7748,56.08619,red,50,false
-404.7252,315.7791,red,50,false
-441.3524,-133.9299,red,50,false
98.84705,563.0366,orange,50,false
1035.447,2001.792,orange,50,false
1295.749,551.7866,orange,50,false
3013.384,347.8211,yellow,50,false
637.8934,782.5193,30,30,0
637.4138,734.9224,30,30,0
633.6369,679.1681,30,30,0
630.2209,599.3836,30,30,0
629.262,507.2392,30,30,0
624.2834,445.2564,30,30,0
613.3729,399.5776,30,30,0
579.6176,366.8405,30,30,0
527.0421,349.2759,30,30,0
488.6692,340.7629,30,30,0
447.3708,325.1703,30,30,0
419.3158,309.4644,30,30,0
379.7468,297.5356,30,30,0
319.0195,280.93,30,30,0
285.151,261.9267,30,30,0
225.8029,240.4073,30,30,0
157.4623,226.5603,30,30,0
112.624,208.4515,30,30,0
73.35681,208.5108,30,30,0
-418.5182,257.9828
-361.2122,269.7338
-346.584,324.8254
-373.2058,364.8092
-424.5204,368.1714
-460.8513,329.195
-457.3115,286.8728
149.2565,-461.7317
131.5032,-511.6724
114.7791,-556.7532
97.694,-602.9116
143.319,-600.3954
198.8308,-587.6853
232.5808,-581.5107
275.0323,-565.8643
240.916,-531.8125
220.8298,-511.7856
196.1908,-493.4396
174.7845,-479.889
139.4774,-490.7996
122.0259,-532.0442
104.5798,-574.5496
170.2263,-597.2705
257.0312,-549.3179
121.7296,-603.6282
258.583,-573.111
152.3276,649.6962
191.1692,700.9515
237.5108,792.3685
302.1282,899.6692
355.1832,991.8675
485.679,1254.066
602.7048,1480.504
622.0098,555.806
1901.649,595.6552
1911.482,575.208
1914.359,544.9925
1909.203,513.5162
1893.556,489.3567
1869.278,459.2651
1852.613,427.3147
1844.041,386.8459
1846.918,362.2662
1866.519,313.6508
1889.359,286.2532
1913.039,255.0733
1928.265,218.3869
1925.388,177.805
1916.816,155.5582
1900.63,129.8416
1881.686,104.6638
1863.103,78.34918
1859.267,57.78342
1864.542,27.14764
1891.816,-4.441803
804.5475,4.669189
1846.94,-103.6013,green,50,0,1,50
1849.337,-337.6907,green,50,0,1,50
1849.698,-558.2726,green,50,0,1,50
1852.096,-822.8416,green,50,0,1,50
1852.694,-1045.719,green,50,0,1,50
1851.255,-1312.869,green,50,0,1,50
1124.37,2482.837
1376.977,2444.955
1576.352,2318.23
1482.473,594.125
194.6553,-268.8276,196.0938,-567.9493,blue,50,20
542.7587,-783.4558,206.2878,-569.695,blue,50,20
-53.57214,-791.7263,186.2662,-586.7155,blue,50,20
