2,0,74,100,0,14
-4467.773,660.2449,red,35,false
11814.52,1388.891,yellow,35,false
881.6409,1668.188
1029.297,1668.188
1242.578,1668.188
1357.422,1668.188
1373.828,1668.188
1423.047,1668.188
1521.484,1668.188
2374.61,1504.125
2702.734,1504.125
2932.422,1520.532
3080.078,1569.75
3260.547,1569.75
3555.859,1569.75
3752.734,1569.75
3752.734,1569.75
3752.734,1340.063
4097.266,1192.406
4097.266,929.9066
4130.078,733.0316
4326.953,437.7187
4573.047,437.7187
4884.766,552.5626
5065.235,765.8436
5245.703,880.6879
5491.797,1143.188
5541.016,1143.188
6377.734,1815.844
6755.078,1815.844
7116.017,1815.844
7739.453,1815.844
7739.453,1684.594
8133.203,1422.094
8395.703,1258.031
8625.391,929.9066
8838.672,897.0938
9158.203,1152.823
9586.067,1201.26
9835.938,1782.25
10149.48,1782.25
10601.56,2117.667
11141.15,1417.667
667.3174,629.3853
57.94287,629.3853
-263.6719,629.3853
-500.6509,629.3853
-788.4121,629.3853
-1093.099,629.3853
-1363.933,764.8022
-1567.057,781.729
-1837.891,984.8544
-1871.744,1171.052
-1905.599,1255.688
-1922.526,1645.011
-1922.526,1678.864
-2540.951,-49.52069
-2246.68,347.7449
-1922.983,450.7395
-1246.159,803.8645
-510.4819,1186.417
-39.64844,1186.417
1005.013,1186.417
1534.7,1068.708
2034.96,789.1511
2461.653,745.0105
2711.783,450.7395
2814.778,391.8856
3197.33,141.7551
6851.953,1113.5
7278.516,1428.344
7715.234,1479.125
8588.672,1540.063
9421.484,1651.781
10538.67,1651.781
10863.67,1661.938
-3857.943,1316.365,blue,35,1,0,150
-3229.036,1562.458,blue,35,1,0,150
-2992.057,669.2293,blue,35,1,0,150
-1251.172,1462.198,blue,35,1,0,150
-175.6512,887.9793,blue,35,1,0,150
-130.0779,1398.396,blue,35,1,0,150
991.0159,1872.354,blue,35,1,0,150
1264.453,568.9688,blue,35,1,0,150
2595.182,1134.073,blue,35,1,0,150
1838.672,1416.625,blue,35,1,0,150
3360.807,1453.083,blue,35,1,0,150
3679.818,714.8019,blue,35,1,0,150
4974.088,1343.708,blue,35,1,0,150
2604.297,1826.781,blue,35,1,0,150
4071.745,2182.25,blue,35,1,0,150
5821.745,2209.594,blue,35,1,0,150
4053.516,1635.375,blue,35,1,0,150
5457.161,669.2293,blue,35,1,0,150
6432.422,1079.385,blue,35,1,0,150
-2208.203,1052.042,blue,35,1,0,150
-3712.109,359.3334,blue,35,1,0,150
-2235.547,331.9897,blue,35,1,0,150
-740.7554,131.4688,blue,35,1,0,150
6107.422,1639.281,blue,35,1,0,150
7095.703,2369.75,blue,35,1,0,150
7009.766,665.3227,blue,35,1,0,150
8298.828,751.2602,blue,35,1,0,150
8298.828,1539.021,blue,35,1,0,150
7496.745,1567.667,blue,35,1,0,150
7897.787,2169.229,blue,35,1,0,150
9215.494,2341.104,blue,35,1,0,150
9416.016,1424.438,blue,35,1,0,150
9301.433,908.8125,blue,35,1,0,150
10934.24,1195.271,blue,35,1,0,150
11235.03,2527.302,blue,35,1,0,150
10232.42,1897.094,blue,35,1,0,150
10203.78,2283.813,blue,35,1,0,150
-2987.63,1180.948,blue,35,1,0,175
-1927.734,1811.156,blue,35,1,0,175
-1426.432,851.5211,blue,35,1,0,175
-208.9844,1811.156,blue,35,1,0,175
464.1926,1295.531,blue,35,1,0,175
693.3594,292.927,blue,35,1,0,175
2297.526,579.3855,blue,35,1,0,175
3830.078,1080.688,blue,35,1,0,175
4517.579,1753.865,blue,35,1,0,175
5992.839,579.3855,blue,35,1,0,175
6379.557,1897.094,blue,35,1,0,175
7912.109,1911.417,blue,35,1,0,175
7768.88,493.448,blue,35,1,0,175
8914.714,1811.156,blue,35,1,0,175
9845.703,2570.271,blue,35,1,0,175
10117.84,1266.885,blue,35,1,0,175
-2070.964,822.875,blue,45,1,0,175
535.8071,1868.448,blue,45,1,0,175
1237.63,1166.625,blue,45,1,0,175
4460.286,1023.396,blue,45,1,0,175
5391.276,1882.771,blue,45,1,0,175
7826.171,894.4898,blue,45,1,0,175
-3059.245,264.2813,blue,45,1,0,200
-2443.36,1524.698,blue,45,1,0,200
1810.547,1037.719,blue,45,1,0,200
2326.172,2283.813,blue,45,1,0,200
3701.172,1825.479,blue,45,1,0,200
4531.901,335.8957,blue,45,1,0,200
5763.672,1152.302,blue,45,1,0,200
7024.089,1782.51,blue,45,1,0,200
7152.995,1052.042,blue,45,1,0,200
8728.516,1095.01,blue,45,1,0,200
8628.255,2240.844,blue,45,1,0,200
10046.22,837.1977,blue,45,1,0,200
9043.62,464.802,blue,45,1,0,200
9630.859,1940.063,blue,45,1,0,200
11320.96,1682.25,blue,45,1,0,200
-3488.932,894.4898,blue,45,1,0,250
-1512.37,407.5105,blue,45,1,0,250
292.3174,736.9375,blue,45,1,0,250
2082.682,1782.51,blue,45,1,0,250
3056.641,1309.854,blue,45,1,0,250
3228.516,2212.198,blue,45,1,0,250
-3331.38,1281.208,blue,35,1,-0.5,150
-1841.796,1238.24,blue,35,1,-0.5,150
-380.8594,1266.885,blue,35,1,-0.5,150
1080.078,1496.052,blue,35,1,-0.5,150
2712.891,1553.344,blue,35,1,-0.5,150
4274.089,1381.469,blue,35,1,-0.5,175
4875.651,1581.99,blue,35,1,-0.5,175
6522.786,1453.083,blue,35,1,-0.5,175
-925.1304,550.7395,blue,35,1,-0.5,175
8527.994,1854.125,blue,35,1,-0.5,175
9802.734,1539.021,blue,35,1,-0.5,175
-2658.203,421.8332,blue,35,1,0.5,175
-1698.568,665.3227,blue,35,1,0.5,175
-309.2449,550.7395,blue,35,1,0.5,175
2197.265,937.4586,blue,35,1,0.5,175
5104.818,593.7083,blue,35,1,0.5,150
6551.433,693.9688,blue,35,1,0.5,150
8284.505,994.75,blue,35,1,0.5,150
9688.15,522.0938,blue,35,1,0.5,150
10619.14,994.75,blue,35,1,0.5,150
10462.89,1635.375,176.1714,1093.969,white,35,10
-1087.109,1126.782,3966.016,585.3749,white,35,10
-184.7656,2012.719,3555.859,404.9063,white,35,10
2144.922,2636.156,3834.766,355.6875,white,35,10
4458.203,3095.532,3818.36,158.8125,white,35,10
7460.547,749.4376,6279.296,2586.938,white,35,10
9462.109,1701,8215.234,1258.031,white,35,10
3293.359,1865.063,2850.391,1487.719,white,35,10
2719.141,503.3438,3145.703,946.3126,white,35,10
3982.422,913.4998,3293.359,1241.625,white,35,10
-1185.547,-366.1874,848.8279,929.9066,white,35,10
1882.422,109.5938,848.8279,1061.156,white,35,10
6246.484,1372.875,4835.547,-5.250122,white,35,10
8133.203,1520.532,8215.234,2865.844,white,35,10
