13,0,115,39,0,14,1,5
-1551.163,8.577705,red,40,false
1097.55,31.09043,black,500,true
2314.637,38.63857,black,500,true
3232.066,293.8539,red,50,false
3232.755,29.26724,red,50,false
3234.995,-281.6876,red,50,false
-122.2014,67.54298,blue,60,false
5806.744,18.14189,blue,60,false
3611.104,6.950975,yellow,55,false
4076.681,13.88652,yellow,55,false
4488.255,11.49447,yellow,55,false
4896.974,12.62848,yellow,55,false
5353.865,9.346701,yellow,55,false
-43.68256,71.66344
-50.16665,102.1687
-68.49776,127.3993
-95.50629,142.9927
-126.5222,146.2526
-156.1826,136.6153
-179.3588,115.7473
-192.0436,87.25681
-192.0436,56.07006
-179.3588,27.57954
-156.1826,6.711536
-126.5222,-2.925699
-95.50627,0.3342085
-68.49775,15.92759
-50.16664,41.15821
3661.201,6.992902
3658.754,22.44375
3651.652,36.38216
3640.59,47.44375
3626.652,54.54573
3611.201,56.9929
3595.75,54.54573
3581.812,47.44375
3570.75,36.38216
3563.648,22.44374
3561.201,6.992898
3563.648,-8.457947
3570.75,-22.39637
3581.812,-33.45795
3595.75,-40.55992
3611.201,-43.0071
3626.652,-40.55992
3640.59,-33.45794
3651.652,-22.39635
3658.754,-8.457945
4126.404,14.59391
4123.957,30.04476
4116.854,43.98317
4105.793,55.04476
4091.855,62.14674
4076.404,64.59391
4060.953,62.14674
4047.015,55.04476
4035.953,43.98317
4028.851,30.04475
4026.404,14.59391
4028.851,-0.8569365
4035.953,-14.79536
4047.015,-25.85694
4060.953,-32.95891
4076.404,-35.40609
4091.855,-32.95891
4105.793,-25.85693
4116.854,-14.79533
4123.957,-0.856935
4538.459,14.63406
4536.012,30.08491
4528.91,44.02332
4517.848,55.08491
4503.91,62.18689
4488.459,64.63406
4473.008,62.18689
4459.07,55.08491
4448.008,44.02332
4440.906,30.0849
4438.459,14.63406
4440.906,-0.8167868
4448.008,-14.75521
4459.07,-25.81679
4473.008,-32.91876
4488.459,-35.36594
4503.91,-32.91876
4517.848,-25.81678
4528.91,-14.75519
4536.012,-0.8167853
4948.33,13.01138
4945.883,28.46223
4938.781,42.40065
4927.719,53.46223
4913.781,60.56421
4898.33,63.01138
4882.879,60.56421
4868.941,53.46223
4857.879,42.40064
4850.777,28.46222
4848.33,13.01138
4850.777,-2.439464
4857.879,-16.37788
4868.941,-27.43947
4882.879,-34.54144
4898.33,-36.98862
4913.781,-34.54144
4927.719,-27.43946
4938.781,-16.37786
4945.883,-2.439462
5404.218,12.1891
5401.771,27.63995
5394.668,41.57836
5383.607,52.63995
5369.668,59.74192
5354.218,62.1891
5338.767,59.74192
5324.829,52.63995
5313.767,41.57836
5306.665,27.63994
5304.218,12.18909
5306.665,-3.26175
5313.767,-17.20017
5324.829,-28.26176
5338.767,-35.36372
5354.218,-37.8109
5369.668,-35.36372
5383.607,-28.26174
5394.668,-17.20015
5401.771,-3.261749
-1396.326,417.4305,blue,35,-1402.111,-382.9716,20,True
-1084.425,327.4412,blue,35,-1075.081,-533.8514,20,True
-800.7571,611.1007,blue,35,-784.571,-368.9852,20,True
-1271.817,-348.5643,blue,35,-1294.455,344.7879,20,True
-921.7675,-185.82,blue,35,-913.2891,225.2237,20,True
-625.5679,-516.4961,blue,35,-635.3021,251.0575,20,True
3656.824,517.5704,aqua,1,3556.618,-146.9648,300,True
3864.707,192.6948,aqua,1,3911.512,-326.9331,300,True
4186.496,522.7255,aqua,1,4257.761,-233.37,300,True
4545.721,-356.7797,aqua,1,4560.487,420.209,300,True
4236.595,-250.1094,aqua,1,4258.223,317.8288,300,True
4859.261,485.6736,aqua,1,5131.003,-171.1467,300,True
4645.393,260.2154,aqua,1,4790.431,-318.276,300,True
3850.083,-573.2666,aqua,1,3696.542,189.6787,300,True
5268.978,199.041,aqua,1,5265.813,-456.5172,300,True
3967.687,671.7172,purple,1,3919.208,-157.529,350,True
4351.584,-508.7451,purple,1,4344.282,328.6236,350,True
4635.159,638.3705,purple,1,4834.765,-366.224,350,True
5350.7,-445.9534,purple,1,5143.09,143.6396,350,True
5009.311,-338.119,purple,1,4985.782,151.6528,350,True
4480.787,173.4584,purple,1,4621.768,-165.7061,350,True
3689.491,-556.4952,purple,1,3946.911,69.59863,350,True
4015.774,-505.2718,purple,1,3889.006,357.0476,350,True
3639.298,191.5266,purple,1,3794.281,-240.3488,350,True
4861.968,255.3028,purple,1,4857.911,-160.0268,350,True
4702.326,-650.7193,purple,1,4674.732,46.36176,350,True
5139.653,607.8497,purple,1,5153.446,-84.17175,350,True
523.2378,-132.4379,green,35,1034.975,-622.1951,5,True
1610.971,-196.8878,green,35,1112.337,-712.3747,5,True
515.7206,251.9235,green,35,1027.267,754.2208,5,True
1581.093,335.2788,green,35,1108.111,593.3124,5,True
1800.234,-55.86354,orange,45,2022.803,-383.4653,45,True
2313.694,-519.0422,orange,45,2106.531,-317.9414,45,True
1810.055,143.4793,orange,45,2199.118,525.1299,45,True
2700.247,290.7996,orange,45,2273.692,409.3071,45,True
2595.145,470.1803,orange,45,2712.025,24.34817,45,True
2220.994,-443.6457,orange,45,2644.474,-402.4919,45,True
2800.186,234.4037,orange,45,2809.436,-177.9044,45,True
2722.235,-343.4374,orange,45,2743.15,25.88099,45,True
646.7327,29.71933,1098.52,19.4145,yellow,45,15
2929.996,11.85911,2309.196,28.41394,yellow,45,15
-413.928,489.8511,-116.0025,63.99228,purple,30,15
243.9696,440.305,-112.6636,59.32031,aqua,35,15
-636.8054,58.96701,-117.0166,60.99535,orange,40,15
-309.1043,-409.8514,-120.9707,58.48838,red,25,15
377.9193,108.1826,-120.458,73.31355,red,25,15
220.8764,-317.5795,-118.2682,73.89965,green,40,15
1546.391,10.69493,1097.66,17.99698,yellow,35,15
1092.183,-431.2605,1098.494,21.28564,yellow,35,15
1103.444,482.549,1097.66,3.857894,yellow,35,15
2286.696,642.6802,2296.733,26.22886,yellow,40,15
1692.91,12.45893,2317.497,-0.9280612,yellow,40,15
2327.384,-624.4558,2303.878,-1.980962,yellow,40,15
3711.373,14.20376
3436.446,9.140682
4304.103,19.37217
4724.802,19.5504
3889.46,15.40711
5119.884,22.33715
