30,0,40,0,0,0,8,5,12,90,1500
126.3328,-143.6184,red,30,false
-452.1151,462.8705,red,30,false
-144.6532,182.2797,yellow,30,false
236.406,445.6225,green,30,false
-88.62059,746.4304,purple,30,false
-101.1626,1063.233,orange,30,false
-122.6347,1542.818,blue,30,false
-116.5416,2015.584,red,30,false
-108.4723,2195.388,yellow,30,false
-119.2544,2387.834,blue,30,false
-117.7319,2546.176,aqua,30,false
249.5817,2690.489,green,45,false
254.97,3288.351,red,45,false
339.4019,1729.421,red,45,false
384.3002,935.9153,yellow,45,false
-695.1342,833.5286,blue,50,false
-600.1614,1794.149,blue,50,false
-756.6452,1163.887,green,50,false
-621.0543,1474.284,orange,50,false
-731.3075,2257.692,yellow,50,false
-577.6416,2630.686,green,50,false
-645.8616,2992.421,purple,50,false
-558.2493,3350.12,aqua,30,false
-6.755463,3436.576,blue,30,false
-232.7079,3473.27,blue,30,false
-105.0166,1212.161,green,30,false
-110.0814,1379.686,aqua,30,false
-118.1425,1874.381,blue,20,false
-115.6281,3135.066,aqua,20,false
-106.3177,2865.647,red,20,false
-458.8716,3351.101
-463.7659,3382.002
-477.9699,3409.879
-500.093,3432.002
-527.9699,3446.206
-558.8716,3451.101
-589.7733,3446.206
-617.6501,3432.002
-639.7733,3409.879
-653.9772,3382.002
-658.8716,3351.101
-653.9772,3320.199
-639.7733,3292.322
-617.6501,3270.199
-589.7733,3255.995
-558.8716,3251.101
-527.9698,3255.995
-500.093,3270.199
-477.9698,3292.322
-463.7659,3320.199
440.1175,1727.181
435.2231,1758.083
421.0192,1785.96
398.896,1808.083
371.0192,1822.287
340.1175,1827.181
309.2158,1822.287
281.339,1808.083
259.2158,1785.96
245.0118,1758.083
240.1175,1727.181
245.0118,1696.279
259.2158,1668.402
281.339,1646.279
309.2158,1632.075
340.1175,1627.181
371.0192,1632.075
398.896,1646.279
421.0192,1668.403
435.2231,1696.279
-112.8506,3053.513
-111.6101,2776.343
-118.2471,2469.439
-111.8075,2104.952
-94.32106,962.1876
-199.6278,3394.94
-49.68833,3374.265
-114.2999,1477.49
-126.6137,3315.405
73.19095,3232.356
-108.1754,2299.377
-108.9429,1764.215
-110.2013,1282.942
-263.1736,899.0715,146.5904,900.3033,true
-217.0829,1734.094,67.15667,1731.34,true
0.3736854,2698.953,-267.1459,2709.874,true
-241.8861,3006.698,44.06977,3001.48,true
-26.85163,3266.826,-279.5891,3272.833,true
-892.1168,3643.583,646.6101,3609.651,false
646.6101,3609.651,688.7742,1778.314,false
694.4456,1767.588,613.512,-241.8513,false
-458.1436,-405.5975,617.4952,-255.9261,false
-942.3612,370.1483,37.35947,-410.586,false
-892.6858,3628.039,-921.554,342.5892,false
-276.6077,3258.704,-254.9253,886.7808,true
