15,0,700,22,0,0,0,0
-382.8975,122.2361,red,35,false
-1436.227,867.89,red,35,false
-1448.919,-404.7663,red,35,false
191.1355,774.6298,orange,35,false
493.2509,-279.5771,orange,35,false
1368.856,188.001,orange,35,false
994.7482,759.9767,orange,35,false
1958.305,-456.7118,orange,35,false
2964.801,-121.2952,orange,35,false
2205.764,562.0321,orange,35,false
1942.158,1274.793,orange,35,false
3158.34,981.3029,orange,35,false
3899.405,-616.0908,orange,35,false
4182.294,367.2068,orange,35,false
3766.595,1126.784,orange,35,false
720.4562,1470.179
719.6669,1495.295
717.3021,1520.313
713.3712,1545.132
707.8895,1569.655
700.8788,1593.786
692.3668,1617.429
682.3871,1640.491
670.9789,1662.881
658.1874,1684.51
644.063,1705.293
628.6616,1725.149
612.0437,1743.998
594.2751,1761.767
575.4258,1778.385
555.5703,1793.786
534.7869,1807.91
513.1577,1820.702
490.768,1832.11
467.7061,1842.09
444.063,1850.602
419.9322,1857.612
395.4087,1863.094
370.5895,1867.025
345.5724,1869.39
320.4562,1870.179
295.34,1869.39
270.3229,1867.025
245.5037,1863.094
220.9803,1857.612
196.8494,1850.602
173.2064,1842.09
150.1445,1832.11
127.7547,1820.702
106.1255,1807.91
85.34216,1793.786
65.48664,1778.385
46.63739,1761.767
28.86879,1743.998
12.25092,1725.149
-3.150587,1705.293
-17.27496,1684.51
-30.06645,1662.881
-41.47461,1640.491
-51.45438,1617.429
-59.9664,1593.786
-66.97703,1569.655
-72.45866,1545.132
-76.38965,1520.313
-78.75446,1495.295
-79.54376,1470.179
-78.75446,1445.063
-76.38963,1420.046
-72.45866,1395.227
-66.97701,1370.703
-59.96638,1346.572
-51.45436,1322.929
-41.47459,1299.867
-30.06642,1277.478
-17.27491,1255.849
-3.150539,1235.065
12.25097,1215.21
28.86884,1196.36
46.63746,1178.592
65.48671,1161.974
85.34221,1146.572
106.1256,1132.448
127.7549,1119.656
150.1446,1108.248
173.2065,1098.269
196.8494,1089.757
220.9802,1082.746
245.5037,1077.264
270.3229,1073.333
295.34,1070.969
320.4562,1070.179
345.5724,1070.969
370.5896,1073.333
395.4088,1077.264
419.9322,1082.746
444.0631,1089.757
467.7061,1098.269
490.768,1108.248
513.1578,1119.657
534.787,1132.448
555.5704,1146.573
575.4259,1161.974
594.2752,1178.592
612.0438,1196.36
628.6616,1215.21
644.0631,1235.065
658.1874,1255.849
670.9789,1277.478
682.3871,1299.867
692.3668,1322.929
700.8788,1346.572
707.8895,1370.703
713.3712,1395.227
717.3021,1420.046
719.6669,1445.063
1155.486,-97.50062
1154.696,-72.38441
1152.332,-47.36732
1148.401,-22.54809
1142.919,1.975344
1135.908,26.10618
1127.396,49.7492
1117.417,72.8111
1106.008,95.20087
1093.217,116.8301
1079.093,137.6135
1063.691,157.469
1047.073,176.3182
1029.305,194.0869
1010.455,210.7047
990.5999,226.1062
969.8165,240.2306
948.1873,253.0221
925.7975,264.4302
902.7356,274.41
879.0926,282.922
854.9617,289.9326
830.4383,295.4143
805.6191,299.3453
780.602,301.7101
755.4858,302.4994
730.3696,301.7101
705.3525,299.3452
680.5333,295.4143
656.0098,289.9326
631.879,282.922
608.2359,274.4099
585.174,264.4302
562.7842,253.022
541.155,240.2305
520.3717,226.1062
500.5162,210.7047
481.6669,194.0868
463.8983,176.3182
447.2805,157.4689
431.879,137.6134
417.7546,116.8301
404.9631,95.20081
393.5549,72.81105
383.5752,49.74914
375.0631,26.1061
368.0525,1.975344
362.5709,-22.5481
358.6399,-47.36734
356.2751,-72.38443
355.4858,-97.50066
356.2751,-122.6169
358.6399,-147.634
362.5709,-172.4532
368.0526,-196.9766
375.0632,-221.1074
383.5752,-244.7504
393.555,-267.8123
404.9631,-290.2021
417.7546,-311.8314
431.879,-332.6148
447.2805,-352.4703
463.8984,-371.3195
481.667,-389.0881
500.5163,-405.706
520.3718,-421.1075
541.1552,-435.2318
562.7844,-448.0233
585.1742,-459.4315
608.2361,-469.4113
631.879,-477.9232
656.0098,-484.9339
680.5332,-490.4155
705.3525,-494.3465
730.3696,-496.7113
755.4858,-497.5006
780.602,-496.7113
805.6191,-494.3465
830.4384,-490.4155
854.9618,-484.9339
879.0927,-477.9232
902.7357,-469.4112
925.7975,-459.4314
948.1873,-448.0233
969.8166,-435.2318
990.6,-421.1074
1010.455,-405.7058
1029.305,-389.088
1047.073,-371.3193
1063.691,-352.4701
1079.093,-332.6146
1093.217,-311.8314
1106.008,-290.2021
1117.417,-267.8123
1127.396,-244.7504
1135.908,-221.1074
1142.919,-196.9765
1148.401,-172.4531
1152.332,-147.6339
1154.696,-122.6168
2758.91,1610.349
2758.121,1635.466
2755.756,1660.483
2751.825,1685.302
2746.343,1709.825
2739.333,1733.956
2730.821,1757.599
2720.841,1780.661
2709.433,1803.051
2696.641,1824.68
2682.517,1845.464
2667.115,1865.319
2650.497,1884.168
2632.729,1901.937
2613.879,1918.555
2594.024,1933.956
2573.241,1948.081
2551.611,1960.872
2529.222,1972.28
2506.16,1982.26
2482.517,1990.772
2458.386,1997.783
2433.862,2003.264
2409.043,2007.195
2384.026,2009.56
2358.91,2010.349
2333.794,2009.56
2308.777,2007.195
2283.957,2003.264
2259.434,1997.783
2235.303,1990.772
2211.66,1982.26
2188.598,1972.28
2166.208,1960.872
2144.579,1948.081
2123.796,1933.956
2103.94,1918.555
2085.091,1901.937
2067.323,1884.168
2050.705,1865.319
2035.303,1845.464
2021.179,1824.68
2008.387,1803.051
1996.979,1780.661
1986.999,1757.599
1978.487,1733.956
1971.477,1709.825
1965.995,1685.302
1962.064,1660.483
1959.699,1635.466
1958.91,1610.349
1959.699,1585.233
1962.064,1560.216
1965.995,1535.397
1971.477,1510.873
1978.487,1486.743
1986.999,1463.1
1996.979,1440.038
2008.387,1417.648
2021.179,1396.019
2035.303,1375.235
2050.705,1355.38
2067.323,1336.531
2085.091,1318.762
2103.94,1302.144
2123.796,1286.743
2144.579,1272.618
2166.208,1259.827
2188.598,1248.419
2211.66,1238.439
2235.303,1229.927
2259.434,1222.916
2283.957,1217.435
2308.777,1213.504
2333.794,1211.139
2358.91,1210.349
2384.026,1211.139
2409.043,1213.504
2433.863,1217.435
2458.386,1222.916
2482.517,1229.927
2506.16,1238.439
2529.222,1248.419
2551.612,1259.827
2573.241,1272.618
2594.024,1286.743
2613.88,1302.144
2632.729,1318.762
2650.498,1336.531
2667.115,1355.38
2682.517,1375.235
2696.641,1396.019
2709.433,1417.648
2720.841,1440.038
2730.821,1463.1
2739.333,1486.743
2746.343,1510.874
2751.825,1535.397
2755.756,1560.216
2758.121,1585.233
2806.089,528.5746
2805.3,553.6908
2802.935,578.7079
2799.004,603.5271
2793.522,628.0505
2786.512,652.1814
2778,675.8244
2768.02,698.8863
2756.612,721.2761
2743.82,742.9053
2729.696,763.6887
2714.294,783.5442
2697.677,802.3934
2679.908,820.162
2661.059,836.7799
2641.203,852.1814
2620.42,866.3058
2598.791,879.0973
2576.401,890.5054
2553.339,900.4852
2529.696,908.9972
2505.565,916.0079
2481.042,921.4895
2456.222,925.4205
2431.205,927.7853
2406.089,928.5746
2380.973,927.7853
2355.956,925.4205
2331.136,921.4895
2306.613,916.0079
2282.482,908.9972
2258.839,900.4852
2235.777,890.5054
2213.388,879.0972
2191.758,866.3057
2170.975,852.1814
2151.12,836.7799
2132.27,820.162
2114.502,802.3934
2097.884,783.5441
2082.482,763.6887
2068.358,742.9053
2055.566,721.276
2044.158,698.8862
2034.178,675.8243
2025.667,652.1813
2018.656,628.0505
2013.174,603.5271
2009.243,578.7079
2006.878,553.6908
2006.089,528.5745
2006.878,503.4583
2009.243,478.4412
2013.174,453.622
2018.656,429.0986
2025.667,404.9678
2034.178,381.3248
2044.158,358.2628
2055.566,335.8731
2068.358,314.2438
2082.482,293.4604
2097.884,273.6049
2114.502,254.7557
2132.27,236.9871
2151.12,220.3692
2170.975,204.9677
2191.759,190.8434
2213.388,178.0518
2235.778,166.6437
2258.839,156.6639
2282.482,148.152
2306.613,141.1413
2331.136,135.6597
2355.956,131.7287
2380.973,129.3639
2406.089,128.5746
2431.205,129.3639
2456.222,131.7287
2481.042,135.6597
2505.565,141.1413
2529.696,148.152
2553.339,156.664
2576.401,166.6438
2598.791,178.0519
2620.42,190.8435
2641.203,204.9678
2661.059,220.3694
2679.908,236.9872
2697.677,254.7559
2714.294,273.6051
2729.696,293.4606
2743.82,314.2438
2756.612,335.8731
2768.02,358.2629
2778,381.3248
2786.512,404.9678
2793.522,429.0987
2799.004,453.6221
2802.935,478.4413
2805.3,503.4584
4350.402,-236.2704
4349.612,-211.1542
4347.248,-186.1371
4343.317,-161.3179
4337.835,-136.7945
4330.825,-112.6636
4322.313,-89.02063
4312.333,-65.95873
4300.924,-43.56896
4288.133,-21.93973
4274.009,-1.156349
4258.607,18.69917
4241.989,37.5484
4224.221,55.31702
4205.372,71.93484
4185.516,87.33636
4164.732,101.4607
4143.104,114.2522
4120.713,125.6604
4097.652,135.6402
4074.009,144.1522
4049.878,151.1628
4025.354,156.6445
4000.535,160.5754
3975.518,162.9402
3950.402,163.7296
3925.286,162.9402
3900.269,160.5754
3875.449,156.6444
3850.926,151.1628
3826.795,144.1521
3803.152,135.6401
3780.09,125.6604
3757.7,114.2522
3736.071,101.4607
3715.288,87.33636
3695.432,71.93484
3676.583,55.317
3658.814,37.54838
3642.197,18.69913
3626.795,-1.156373
3612.671,-21.93975
3599.879,-43.56902
3588.471,-65.95878
3578.491,-89.02069
3569.979,-112.6637
3562.969,-136.7945
3557.487,-161.3179
3553.556,-186.1372
3551.191,-211.1543
3550.402,-236.2705
3551.191,-261.3867
3553.556,-286.4038
3557.487,-311.223
3562.969,-335.7465
3569.979,-359.8772
3578.491,-383.5203
3588.471,-406.5822
3599.879,-428.9719
3612.671,-450.6012
3626.795,-471.3846
3642.197,-491.2401
3658.814,-510.0894
3676.583,-527.858
3695.432,-544.4758
3715.288,-559.8773
3736.071,-574.0016
3757.7,-586.7932
3780.09,-598.2013
3803.152,-608.1811
3826.795,-616.6931
3850.926,-623.7037
3875.449,-629.1854
3900.269,-633.1163
3925.286,-635.4811
3950.402,-636.2704
3975.518,-635.4811
4000.535,-633.1163
4025.354,-629.1854
4049.878,-623.7037
4074.009,-616.6931
4097.652,-608.181
4120.714,-598.2012
4143.104,-586.7931
4164.732,-574.0016
4185.516,-559.8772
4205.372,-544.4756
4224.221,-527.8578
4241.989,-510.0892
4258.607,-491.2399
4274.009,-471.3844
4288.133,-450.6012
4300.924,-428.9719
4312.333,-406.5822
4322.313,-383.5203
4330.825,-359.8772
4337.835,-335.7464
4343.317,-311.2229
4347.248,-286.4037
4349.612,-261.3866
4569.43,1111.348
4568.64,1136.464
4566.275,1161.481
4562.345,1186.3
4556.863,1210.824
4549.853,1234.955
4541.34,1258.598
4531.36,1281.66
4519.952,1304.049
4507.161,1325.678
4493.037,1346.462
4477.635,1366.317
4461.017,1385.167
4443.249,1402.935
4424.399,1419.553
4404.544,1434.955
4383.76,1449.079
4362.131,1461.87
4339.741,1473.279
4316.68,1483.258
4293.037,1491.77
4268.906,1498.781
4244.382,1504.263
4219.563,1508.194
4194.546,1510.558
4169.43,1511.348
4144.313,1510.558
4119.296,1508.194
4094.477,1504.263
4069.954,1498.781
4045.823,1491.77
4022.18,1483.258
3999.118,1473.279
3976.728,1461.87
3955.099,1449.079
3934.316,1434.955
3914.46,1419.553
3895.611,1402.935
3877.842,1385.167
3861.224,1366.317
3845.823,1346.462
3831.698,1325.678
3818.907,1304.049
3807.499,1281.659
3797.519,1258.598
3789.007,1234.954
3781.996,1210.824
3776.515,1186.3
3772.584,1161.481
3770.219,1136.464
3769.43,1111.348
3770.219,1086.232
3772.584,1061.214
3776.515,1036.395
3781.996,1011.872
3789.007,987.741
3797.519,964.098
3807.499,941.0361
3818.907,918.6463
3831.698,897.017
3845.823,876.2336
3861.224,856.3781
3877.842,837.5289
3895.611,819.7603
3914.46,803.1425
3934.316,787.7409
3955.099,773.6166
3976.728,760.8251
3999.118,749.4169
4022.18,739.4371
4045.823,730.9252
4069.954,723.9145
4094.477,718.4329
4119.296,714.5019
4144.313,712.1371
4169.43,711.3478
4194.546,712.1371
4219.563,714.5019
4244.382,718.4329
4268.906,723.9146
4293.037,730.9252
4316.68,739.4372
4339.742,749.417
4362.131,760.8251
4383.76,773.6166
4404.544,787.741
4424.399,803.1426
4443.249,819.7604
4461.017,837.5291
4477.635,856.3783
4493.037,876.2338
4507.161,897.017
4519.952,918.6463
4531.36,941.0361
4541.34,964.098
4549.853,987.741
4556.863,1011.872
4562.345,1036.395
4566.275,1061.214
4568.64,1086.232
2767.929,-916.2012
2767.14,-891.085
2764.775,-866.0679
2760.844,-841.2487
2755.363,-816.7253
2748.352,-792.5944
2739.84,-768.9514
2729.86,-745.8895
2718.452,-723.4998
2705.66,-701.8705
2691.536,-681.0872
2676.135,-661.2316
2659.517,-642.3824
2641.748,-624.6138
2622.899,-607.9959
2603.043,-592.5944
2582.26,-578.4701
2560.631,-565.6785
2538.241,-554.2704
2515.179,-544.2906
2491.536,-535.7786
2467.405,-528.7679
2442.882,-523.2863
2418.063,-519.3553
2393.045,-516.9905
2367.929,-516.2012
2342.813,-516.9905
2317.796,-519.3553
2292.977,-523.2863
2268.453,-528.7679
2244.322,-535.7786
2220.679,-544.2906
2197.617,-554.2704
2175.228,-565.6786
2153.598,-578.4701
2132.815,-592.5944
2112.96,-607.9959
2094.11,-624.6138
2076.342,-642.3824
2059.724,-661.2317
2044.322,-681.0872
2030.198,-701.8705
2017.406,-723.4998
2005.998,-745.8896
1996.019,-768.9515
1987.507,-792.5945
1980.496,-816.7253
1975.014,-841.2487
1971.083,-866.0679
1968.719,-891.085
1967.929,-916.2013
1968.719,-941.3175
1971.083,-966.3346
1975.014,-991.1538
1980.496,-1015.677
1987.507,-1039.808
1996.019,-1063.451
2005.998,-1086.513
2017.406,-1108.903
2030.198,-1130.532
2044.322,-1151.315
2059.724,-1171.171
2076.342,-1190.02
2094.11,-1207.789
2112.96,-1224.407
2132.815,-1239.808
2153.599,-1253.932
2175.228,-1266.724
2197.618,-1278.132
2220.679,-1288.112
2244.322,-1296.624
2268.453,-1303.635
2292.977,-1309.116
2317.796,-1313.047
2342.813,-1315.412
2367.929,-1316.201
2393.045,-1315.412
2418.063,-1313.047
2442.882,-1309.116
2467.405,-1303.635
2491.536,-1296.624
2515.179,-1288.112
2538.241,-1278.132
2560.631,-1266.724
2582.26,-1253.932
2603.043,-1239.808
2622.899,-1224.406
2641.748,-1207.789
2659.517,-1190.02
2676.135,-1171.171
2691.536,-1151.315
2705.66,-1130.532
2718.452,-1108.903
2729.86,-1086.513
2739.84,-1063.451
2748.352,-1039.808
2755.363,-1015.677
2760.844,-991.1537
2764.775,-966.3345
2767.14,-941.3174
524.1518,-718.9198,orange,35,1,0,30,False
652.0466,264.3778,orange,35,1,0,30,False
-525.5215,669.8446,orange,35,1,0,30,False
960.2578,1280.782,orange,35,1,0,30,False
1580.167,950.8402,orange,35,1,0,30,False
987.0538,-283.0139,orange,35,1,0,30,False
2185.754,2.661265,orange,35,1,0,30,False
2365.743,1029.453,orange,35,1,0,30,False
3138.588,370.5995,orange,35,1,0,30,False
3498.051,1598.464,orange,35,1,0,30,False
3719.463,658.0995,orange,35,1,0,30,False
4648.823,783.8807,orange,35,1,0,30,False
3711.646,-31.70874,orange,35,1,0,30,False
4352.688,-433.0109,orange,35,1,0,30,False
3220.123,-744.4691,orange,35,1,0,30,False
2604.87,300.0581,orange,35,1,0,30,False
2538.735,-569.1803,orange,35,1,0,30,False
1675.509,-239.7532,orange,35,1,0,30,False
1555.197,-653.5492,orange,35,1,0,30,False
-116.3049,-401.9867,orange,35,1,0,30,False
-1089.757,53.22168,orange,35,1,0,30,False
-1395.3,370.6697,orange,35,1,0,30,False
