38,0,198,156,0,0
-522.7864,89.54168,red,35,false
-283.2031,88.23956,blue,35,false
-1.953105,81.72918,blue,35,false
327.4739,77.82293,blue,35,false
634.2448,68.70831,blue,35,false
1536.654,665.0625,red,35,false
1465.039,603.2136,red,35,false
1455.273,508.8125,red,35,false
1513.867,414.4114,red,35,false
1611.523,391.625,red,35,false
1676.628,437.198,red,35,false
1679.883,525.0886,red,35,false
1640.82,619.4896,red,35,false
1546.419,-44.57289,red,55,false
1416.211,-138.974,red,55,false
1360.872,-278.9479,red,55,false
1373.893,-409.1563,red,55,false
1465.039,-402.6458,red,55,false
1549.674,-373.349,red,55,false
1598.503,-298.4792,red,55,false
1608.268,-184.5469,red,55,false
1487.825,-112.9323,red,55,false
2517.643,388.3698,black,100,true
2472.851,315.3229,black,100,true
2455.143,226.7813,black,100,true
2488.346,169.2291,black,100,true
2572.461,149.3073,black,100,true
2632.226,171.4427,black,100,true
2654.362,226.7813,black,100,true
2665.429,299.8282,black,100,true
2610.091,372.875,black,100,true
14472.46,391.2344,black,800,true
14558.79,1201.391,orange,45,false
15554.88,909.2032,orange,45,false
15866.99,364.6719,orange,45,false
16119.34,32.64063,orange,45,false
22039.52,866.8854,black,800,true
24566.8,647.6147,yellow,35,false
2552.539,257.7709
2552.539,257.7709
2552.539,257.7709
2552.539,257.7709
2552.539,257.7709
2552.539,257.7709
2552.539,266.625
2556.966,266.625
2559.179,286.5469
2559.179,286.5469
2539.258,282.1198
2539.258,273.2657
2537.044,268.8385
2556.966,279.9063
2556.966,279.9063
2556.966,279.9063
2556.966,279.9063
2556.966,279.9063
2556.966,279.9063
2556.966,279.9063
2556.966,279.9063
2556.966,279.9063
2550.325,279.9063
2550.325,279.9063
2550.325,279.9063
2550.325,279.9063
2534.831,204.6459
2550.325,259.9844
2550.325,259.9844
2550.325,259.9844
2550.325,259.9844
2568.034,259.9844
2568.034,259.9844
2568.034,259.9844
2568.034,259.9844
2563.607,255.5573
2563.607,255.5573
2563.607,255.5573
2552.539,257.7709
2552.539,257.7709
2552.539,257.7709
2548.112,262.1979
2548.112,262.1979
2548.112,262.1979
2548.112,262.1979
2539.258,262.1979
2539.258,262.1979
2539.258,262.1979
2539.258,262.1979
2565.82,293.1875
2550.325,295.401
2545.898,290.974
2545.898,282.1198
2545.898,282.1198
2563.607,282.1198
2563.607,279.9063
2561.393,277.6927
2561.393,277.6927
2561.393,277.6927
21684.38,1569.75
21865.63,1569.75
21996.88,1557.25
22090.63,1507.25
22353.13,1488.5
22446.88,1351
23434.38,907.2501
23928.13,838.5001
24490.63,607.2501
21540.63,194.7501
22265.63,194.7501
22971.88,194.7501
23359.38,194.7501
23621.88,232.2501
23853.13,501.0001
24303.13,494.7501
23040.63,1144.75
22746.88,1232.25
23178.13,1019.75
23653.13,1019.75
23915.63,1019.75
23965.63,926.0001
24284.38,782.2501
24365.63,613.5001
23921.88,513.5001
23846.88,401.0001
24028.13,394.75
23678.13,394.75
23259.38,307.2501
22915.63,288.5001
22690.63,288.5001
22034.38,288.5001
21971.88,282.25
21778.13,282.25
21603.13,282.25
21428.13,282.25
24034.38,494.7501
24059.38,582.25
24059.38,588.5001
23978.13,651.0001
24046.88,732.25
24221.88,726.0001
24190.63,494.7501
24190.63,663.5001
24190.63,726.0001
24178.13,819.7501
24184.38,519.7501
24253.13,532.2501
24253.13,588.5001
24284.38,707.2501
24146.88,444.7501
24146.88,594.7501
24159.38,713.5
24071.88,801.0001
23846.88,844.75
23621.88,894.7501
23378.13,994.75
23228.13,1107.25
22853.13,1219.75
22746.88,1319.75
22590.63,1344.75
22471.88,1451
22328.13,1451
22196.88,1544.75
22084.38,1557.25
21921.88,1613.5
21778.13,1613.5
21809.38,182.2501
21978.13,182.2501
22353.13,182.2501
22590.63,263.5
22678.13,219.7501
22821.88,213.5001
23021.88,213.5001
23196.88,213.5001
23415.63,301
23565.63,301
23771.88,301
23853.13,301
23859.38,407.2501
23959.38,469.75
24196.88,619.75
24371.88,619.75
23315.63,469.75
23740.63,301
23265.63,294.7501
23215.63,282.25
22603.13,276.0001
22465.63,276.0001
22290.63,276.0001
22128.13,194.7501
22378.13,194.7501
22503.13,194.7501
22853.13,194.7501
23178.13,163.5001
22746.88,126.0001
22759.38,244.75
23096.88,244.75
23296.88,219.7501
23440.63,219.7501
23609.38,226
23846.88,444.7501
24259.38,538.5001
24259.38,582.25
24259.38,588.5001
24053.13,507.25
24053.13,713.5
23771.88,794.7501
23528.13,1101
23828.13,926.0001
23515.63,944.7501
23434.38,1107.25
23084.38,1151
22953.13,1269.75
22921.88,1226
22615.63,1351
22534.38,1351
22409.38,1363.5
22378.13,1388.5
22303.13,1388.5
22278.13,1432.25
22209.38,1432.25
22096.88,1451
22053.13,1513.5
21571.88,207.25
21628.13,219.7501
21778.13,219.7501
21871.88,257.2501
21871.88,176.0001
21959.38,176.0001
21971.88,213.5001
22040.63,213.5001
22059.38,213.5001
22109.38,213.5001
22209.38,213.5001
22209.38,213.5001
22434.38,194.7501
22540.63,163.5001
22571.88,163.5001
3042.708,696.8333,aqua,45,0,-1,40
3036.458,526,aqua,45,0,-1,40
3040.625,348.9166,aqua,45,0,-1,40
3030.208,165.5833,aqua,45,0,-1,40
3017.708,-5.250031,aqua,45,0,-1,40
3018.164,-172.0469,aqua,45,0,-1,40
3014.648,-344.3126,aqua,45,0,-1,40
3766.992,710.3749,aqua,45,0,-1,60
3759.961,580.2969,aqua,45,0,-1,60
3759.961,432.6406,aqua,45,0,-1,60
3759.961,313.1093,aqua,45,0,-1,60
3763.477,204.125,aqua,45,0,-1,60
3759.961,84.59375,aqua,45,0,-1,60
3759.961,-38.45309,aqua,45,0,-1,60
3756.445,-154.4688,aqua,45,0,-1,60
3756.445,-298.6093,aqua,45,0,-1,60
4744.336,752.5624,aqua,45,0,-1,90
4744.336,622.4844,aqua,45,0,-1,90
4751.367,531.0781,aqua,45,0,-1,90
4737.305,443.1875,aqua,45,0,-1,90
4737.305,337.7188,aqua,45,0,-1,90
4737.305,228.7343,aqua,45,0,-1,90
4737.305,137.3281,aqua,45,0,-1,90
4730.273,21.3125,aqua,45,0,-1,90
4730.273,-59.54684,aqua,45,0,-1,90
4719.727,-157.9844,aqua,45,0,-1,90
4719.727,-238.8438,aqua,45,0,-1,90
4719.727,-316.1875,aqua,45,0,-1,90
5174.805,617.7969,orange,45,1,0,90
5505.273,723.2656,orange,45,1,0,90
5480.664,410.3749,orange,45,1,0,90
5185.352,304.9062,orange,45,1,0,90
5519.336,167.7968,orange,45,1,0,90
5751.367,582.6407,orange,45,1,0,90
5800.586,280.2969,orange,45,1,0,90
5266.211,76.39059,orange,45,1,0,90
6187.305,-0.9531021,orange,45,1,0,90
5768.945,-18.53129,orange,45,1,0,90
6391.211,375.2188,orange,45,1,0,90
6120.508,431.4687,orange,45,1,0,90
6022.07,790.0624,orange,45,1,0,90
7020.508,790.0624,orange,45,1,0,90
7038.086,227.5625,orange,45,1,0,90
6683.008,656.4688,orange,45,1,0,90
6749.805,-303.2969,orange,45,1,0,90
6707.617,125.6093,orange,45,1,0,90
5522.852,-341.9688,orange,45,1,0,90
7431.836,-95.87498,orange,45,1,0,90
7484.57,431.4687,orange,45,1,0,90
7076.758,501.7813,orange,45,1,0,90
6443.945,916.6249,orange,45,1,0,90
7699.023,870.9219,orange,45,1,0,90
8102.539,572.0938,orange,45,1,0,90
7768.555,181.8594,orange,45,1,0,90
7944.336,-180.25,orange,45,1,0,90
8717.188,1010.375,orange,45,0,-2,10
8707.813,907.25,orange,45,0,-2,10
8707.813,804.125,orange,45,0,-2,10
8751.563,729.125,orange,45,0,-2,10
8820.313,682.25,orange,45,0,-2,10
8826.563,600.9999,orange,45,0,-2,10
8792.188,532.25,orange,45,0,-2,10
8745.313,454.1251,orange,45,0,-2,10
8735.938,347.8749,orange,45,0,-2,10
8754.688,222.875,orange,45,0,-2,10
8782.813,119.75,orange,45,0,-2,10
8820.313,19.75002,orange,45,0,-2,10
8845.313,-108.375,orange,45,0,-2,10
8842.188,-217.75,orange,45,0,-2,10
8745.313,-277.125,orange,45,0,-2,10
8623.438,-289.625,orange,45,0,-2,10
8867.188,397.8751,orange,45,0,-2,10
8901.563,347.8749,orange,45,0,-2,10
8907.813,251,orange,45,0,-2,10
8942.188,60.37498,orange,45,0,-2,10
8995.313,-8.374977,orange,45,0,-2,10
8989.063,-92.74997,orange,45,0,-2,10
9188.347,-272.1771,orange,45,0,-2,10
9467.773,94.099,orange,45,0,-2,10
9762.305,350.8699,orange,45,0,-2,10
10060.61,471.7032,orange,45,0,-2,10
10694.99,562.3282,orange,45,0,-2,10
11265.17,611.4167,orange,45,0,-2,10
11461.52,388.6302,orange,45,0,-2,10
11864.91,113.1094,orange,45,0,-2,10
12141.47,-32.85425,orange,45,0,-2,10
12709.96,136.1563,orange,45,0,-2,10
13101.76,504.9063,orange,45,0,-2,10
13362.96,873.6563,orange,45,0,-2,10
13885.35,1250.088,orange,45,0,-2,10
16832.62,1219.359,green,45,1,0,50
16437.3,897.0937,green,45,1,0,50
16983.01,892.7969,green,45,1,0,50
16806.84,523.2656,green,45,1,0,50
17296.68,523.2656,green,45,1,0,50
17180.66,690.8438,green,45,1,0,50
17404.1,1154.906,green,45,1,0,50
17975.59,1120.531,green,45,1,0,50
17773.63,1047.484,green,45,1,0,50
18164.65,630.6875,green,45,1,0,50
17790.82,652.1719,green,45,1,0,50
16793.95,-43.92181,green,45,1,0,50
17086.13,192.4062,green,45,1,0,50
17313.87,80.6875,green,45,1,0,50
17520.12,385.7656,green,45,1,0,50
17739.26,158.0313,green,45,1,0,50
18388.09,106.4688,green,45,1,0,50
17941.21,467.4063,green,45,1,0,50
18525.59,1103.344,green,45,1,0,50
17498.63,922.8749,green,45,1,0,50
18465.43,1305.297,green,45,1,0,50
18065.82,879.9063,green,45,1,0,50
18744.73,871.3124,green,45,1,0,50
18486.91,574.8281,green,45,1,0,50
19221.68,381.4688,green,45,1,0,50
18616.6,175.2188,green,45,1,0,50
19630.66,1176.391,green,45,1,0,50
19261.13,1494.359,green,45,1,0,50
19231.05,961.5468,green,45,1,0,50
19609.18,712.3281,green,45,1,0,50
19596.29,304.125,green,45,1,0,50
20365.43,304.125,green,45,1,0,50
20013.09,888.5001,green,45,1,0,50
20060.35,1352.563,green,45,1,0,50
21100.2,1507.25,yellow,45,1,0,50
20094.73,1730.688,yellow,45,1,0,50
20941.21,1159.203,yellow,45,1,0,50
20305.27,1146.313,yellow,45,1,0,50
21418.16,836.9376,yellow,45,1,0,50
20571.68,789.6719,yellow,45,1,0,50
19995.9,634.9844,yellow,45,1,0,50
19699.41,1000.219,yellow,45,1,0,50
20455.66,1365.453,yellow,45,-1,0,50
19488.87,1421.313,yellow,45,-1,0,50
19316.99,1283.813,yellow,45,-1,0,50
19269.73,729.5157,yellow,45,-1,0,50
18878.71,716.6251,yellow,45,-1,0,50
18436.13,841.2344,yellow,45,-1,0,50
18848.63,1129.125,yellow,45,-1,0,50
18758.4,325.6094,yellow,45,-1,0,50
18444.73,325.6094,yellow,45,-1,0,50
18002.15,312.7188,yellow,45,-1,0,50
17817.38,824.0469,yellow,45,-1,0,50
17508.01,660.7656,yellow,45,-1,0,50
18242.77,1107.641,yellow,45,-1,0,50
20030.27,226.7813,yellow,45,-1,0,50
20429.88,561.9375,yellow,45,-1,0,50
19686.52,510.375,yellow,45,-1,0,50
21186.13,549.0469,yellow,45,-1,0,50
20820.9,1618.969,yellow,45,-1,0,50
20816.6,437.3281,yellow,45,-1,0,50
20378.32,931.4688,yellow,45,-1,0,50
20775.98,148.6564,yellow,45,-1,0,50
20449.02,138.1092,yellow,45,-1,0,50
21218.95,317.4063,yellow,45,-1,0,50
20902.54,855.2969,yellow,45,-1,0,50
