60,0,0,23,0,13
-625.6511,99.95831,red,35,false
4326.563,559.3334,black,100,true
4421.094,624.4375,black,100,true
4505.469,668.1875,black,100,true
4583.594,654.125,black,100,true
4657.031,596.3125,black,100,true
4725.781,508.8125,black,100,true
4719.531,427.5625,black,100,true
4678.906,357.25,black,100,true
4599.219,326,black,100,true
4539.844,326,black,100,true
4444.531,327.5625,black,100,true
4378.906,376,black,100,true
4341.406,474.4375,black,100,true
5314.063,701.0001,black,100,true
5229.688,654.1251,black,100,true
5170.313,610.375,black,100,true
5147.461,501.5209,black,100,true
5420.117,730.2969,black,100,true
5504.883,716.625,black,100,true
5562.305,656.4688,black,100,true
5595.117,590.8438,black,100,true
5630.664,500.6093,black,100,true
5630.664,383.0313,black,100,true
5537.695,320.1406,black,100,true
5463.867,317.4063,black,100,true
5368.164,320.1406,black,100,true
5297.07,342.0156,black,100,true
5220.508,391.2344,black,100,true
5143.945,426.7812,black,100,true
5908.398,1006.859,red,35,false
6071.68,809.2032,red,35,false
6540.039,731.8594,red,35,false
7347.852,237.7188,red,35,false
6333.789,190.4531,red,35,false
8228.711,598.6562,red,35,false
7223.242,598.6562,red,35,false
8129.882,1054.125,red,35,false
9421.289,623.6563,red,35,false
8523.241,59.59369,red,35,false
10497.46,200.6094,red,35,false
10868.55,950.2189,red,35,false
8834.961,1143.187,red,35,false
10178.32,1054.125,red,35,false
9654.492,131.4688,black,200,true
8684.18,751.3907,black,200,true
7453.32,1119.75,black,200,true
6860.352,248.2657,black,200,true
11388.48,418.9689,black,200,true
7668.945,697.4844,aqua,55,false
6770.508,984.9846,aqua,55,false
9537.695,1074.828,aqua,55,false
7884.57,203.3437,aqua,55,false
10373.24,688.5002,aqua,55,false
10948.24,1254.516,aqua,55,false
12017.38,580.6877,aqua,55,false
11631.05,814.2811,aqua,55,false
5611.523,113.5001,aqua,55,false
4854.883,-39.23444,aqua,55,false
14311.52,904.9064,yellow,35,false
-397.0703,351,blue,35,1,0,60
-49.80463,-48.21875,blue,35,1,0,60
491.6015,170.5313,blue,35,1,0,60
1065.82,465.8438,blue,35,1,0,60
1257.227,124.0469,blue,35,1,0,60
1845.117,315.4531,blue,35,1,0,60
2195.117,-29.0781,blue,35,1,0,60
2332.813,381.2082,blue,35,1,0,60
2765.104,495.7917,blue,35,1,0,60
3129.688,162.4582,blue,35,1,0,60
3829.688,735.3749,blue,35,1,0,60
48.4375,433.2917,blue,35,1,0,55
584.8958,-165.6666,blue,35,1,0,55
1725.521,-165.6666,blue,35,1,0,55
1522.396,396.8332,blue,35,1,0,55
2840.104,115.5832,blue,35,1,0,55
2610.938,-196.9166,blue,35,1,0,55
3371.354,407.25,blue,35,1,0,55
3376.563,-51.08337,blue,35,1,0,55
3798.438,27.04174,blue,35,1,0,55
-1016.146,501,blue,35,1,0,55
-896.3542,-254.2084,blue,35,1,0,55
-1151.563,277.0417,blue,35,1,0,55
13464.45,1398.656,12845.7,779.9063,purple,55,35
12158.2,1415.844,12725.39,857.25,purple,55,35
13112.11,908.8125,12605.08,779.9063,purple,55,35
12819.92,393.1875,12837.11,874.4376,purple,55,10
11969.14,943.1874,12802.73,917.4061,purple,55,10
12235.55,1261.156,12785.55,968.9686,purple,55,10
12837.11,1639.281,12837.11,1020.531,purple,55,10
13859.77,908.8125,12716.8,1011.938,purple,55,10
13782.42,324.4376,12656.64,1054.906,purple,55,10
12441.8,195.5313,12708.2,848.6564,purple,55,10
12278.52,762.7186,12751.17,1080.688,purple,55,10
13146.48,539.2812,12802.73,986.1563,purple,55,10
12493.36,1699.438,12871.48,994.7499,purple,55,10
