2,0,0,44,0,0
-656.9468,113.5844,red,35,false
6333.835,227.9083,red,35,false
-355.5527,367.5131,red,35,1,0,55,False
-268.1477,-62.00459,red,35,1,0,55,False
157.666,218.8873,red,35,1,0,55,False
864.5994,655.3457,red,35,1,0,55,False
1025.212,-215.2598,red,35,1,0,55,False
1810.4,296.6217,red,35,1,0,55,False
-964.3229,701.944,red,35,1,0,55,False
-1308.529,-225.2695,red,35,1,0,55,False
892.6106,279.5482,red,35,1,0,55,False
1909.326,865.2252,red,35,1,0,55,False
2522.852,-258.554,red,35,1,0,55,False
2862.711,499.6654,red,35,1,0,55,False
-996.5819,461.1236,red,35,1,0,75,False
273.6979,958.8939,red,35,1,0,75,False
386.2141,40.56699,red,35,1,0,75,False
-635.0096,-340.9108,red,35,1,0,75,False
1631.38,140.9414,red,35,1,0,75,False
607.7798,491.8529,red,35,1,0,75,False
1552.718,529.483,red,35,1,0,75,False
2524.397,824.4863,red,35,1,0,75,False
2287.272,273.7051,red,35,1,0,75,False
-66.14584,542.7318,red,35,1,0,90,False
1215.706,73.72129,red,35,1,0,90,False
1322.786,937.8164,red,35,1,0,90,False
151.416,-259.6608,red,35,1,0,90,False
1976.595,-148.4141,red,35,1,0,90,False
2714.616,132.1361,red,35,1,0,90,False
2177.034,669.5385,red,35,1,0,90,False
3370.039,895.3168,red,35,3325.353,-170.4955,100,True
3674.858,-216.9016,red,35,3714.383,898.5443,100,True
3949.583,898.5443,red,35,3949.583,-247.1496,100,True
4217.215,-247.1496,red,35,4217.215,807.7423,100,True
3416.232,613.5754,red,35,4170.152,364.4207,100,True
4152.969,134.5938,red,35,3293.81,122.5525,100,True
4388.015,626.9116,red,35,5151.617,-214.0218,100,True
5479.823,741.0034,red,35,4545.266,-220.2067,100,True
4789.279,796.2036,red,35,4689.605,-223.4344,100,True
4580.056,-259.5194,red,35,4580.056,683.4067,100,True
5289.289,-299.0447,red,35,4938.083,656.5991,100,True
5676.541,685.61,red,35,6182.388,-334.9752,100,True
5730.485,-365.919,red,35,6057.434,227.7923,100,True
5995.585,621.0745,red,35,6196.613,211.2286,100,True
5085.652,243.4673,red,35,5631.855,397.8964,100,True
6020.808,-126.6601,red,35,4974.092,-60.05652,100,True
