82,12,374,15,0,4
-473.167,70.5619,red,35,false
-1740.662,1924.26,red,35,false
-1411.799,-1819.774,red,35,false
6672.704,1969.43,red,35,false
6548.368,-1967.164,red,35,false
6339.346,4.195906,yellow,35,false
-118.9737,240.4653,blue,85,false
-61.82178,-308.6655,blue,55,false
187.6211,878.8781,blue,55,false
144.2612,796.5587,blue,55,false
135.3925,718.5612,blue,55,false
139.7335,627.3777,blue,55,false
171.3929,552.2275,blue,55,false
222.1124,474.4165,blue,55,false
280.1743,403.7747,blue,55,false
324.1762,137.7591,blue,55,false
313.3962,74.22606,blue,55,false
276.7926,6.988541,blue,55,false
234.7626,-51.48416,blue,55,false
230.4505,-126.3002,blue,55,false
219.6705,-307.965,blue,55,false
219.6705,-244.1656,blue,55,false
232.3401,-393.2891,blue,55,false
309.8837,-500.4043,blue,55,false
563.6039,785.2685,blue,55,false
759.7319,-143.6733,blue,55,false
1371.566,447.1527,black,600,true
2077.158,-702.4599,black,600,true
3341.739,213.4113,black,600,true
4099.494,37.87933,yellow,55,false
4158.672,134.0707,yellow,55,false
4227.591,233.3532,yellow,55,false
4284.011,303.7384,yellow,55,false
4372.056,320.9534,yellow,55,false
4438.687,256.8997,yellow,55,false
4483.914,164.3362,yellow,55,false
4505.317,51.42213,yellow,55,false
4513.808,-47.89671,yellow,55,false
4498.728,-149.0557,yellow,55,false
4440.843,-228.0604,yellow,55,false
4356.686,-307.3072,yellow,55,false
4267.829,-338.2626,yellow,55,false
4079.772,-48.48993,yellow,55,false
4079.772,-158.6922,yellow,55,false
4117.454,-243.5926,yellow,55,false
4178.706,-330.3816,yellow,55,false
4844.516,362.3653,yellow,55,false
4838.513,491.2425,yellow,55,false
4844.516,641.1698,yellow,55,false
4922.553,824.6555,yellow,55,false
5142.287,1161.424,yellow,55,false
5394.477,1378.4,yellow,55,false
5607.834,1471.821,yellow,55,false
5932.839,1553.92,yellow,55,false
6028.58,1359.147,yellow,55,false
6028.58,1156.746,yellow,55,false
6001.448,883.2637,yellow,55,false
5858.565,603.9507,yellow,55,false
5665.93,343.2473,yellow,55,false
5393.019,288.9778,yellow,55,false
5123.125,280.3001,yellow,55,false
4949.346,271.2834,yellow,55,false
4950.139,350.4956,yellow,55,false
5117.292,497.0865,yellow,55,false
5397.118,817.2336,yellow,55,false
5666.146,1118.848,yellow,55,false
5822.465,1366.88,yellow,55,false
4354.49,225.3931,yellow,55,false
4331.654,134.1741,yellow,55,false
4313.346,39.44266,yellow,55,false
4301.86,-51.68595,yellow,55,false
4281.253,-104.2169,yellow,55,false
4257.707,-203.313,yellow,55,false
4233.082,-272.5666,yellow,55,false
2104.215,-1257.933,aqua,55,false
5001.725,631.0522,aqua,55,false
5888.086,1078.586,aqua,55,false
5560.838,-450.8917,aqua,55,false
7150.921,961.5195,aqua,55,false
6501.851,-11.95364,yellow,55,false
6231.822,-724.8289,yellow,55,false
6714.428,-26.64807,yellow,55,false
7193.777,356.7812,30,30,0
7193.777,169.5862,30,30,0
7075.825,45.01483,30,30,0
7618.3,32.4801,30,30,0
7225.31,-318.4103,30,30,0
6810.211,670.9307,30,30,0
7042.391,1352.598,30,30,0
7484.752,692.0092,30,30,0
7946.976,670.9307,30,30,0
7832.224,-199.0831,30,30,0
7957.115,182.3792,30,30,0
8503.447,254.6989,30,30,0
249.274,711.7551
296.7296,708.2428
280.8608,661.2507
243.6184,669.6476
277.0445,684.1362
305.1171,684.1362
250.2075,716.9277
250.2075,701.218
276.7563,701.218
276.7563,680.6237
248.8348,680.6237
286.3654,669.6476
286.3654,713.4153
286.3654,683.3541
271.7321,683.3541
271.7321,651.7837
263.331,666.1352
266.8451,708.5309
266.6942,678.9636
266.6942,699.5578
364.035,699.5578
334.7408,649.8354
310.9238,652.2776
263.7702,652.2776
263.7702,686.2765
263.7702,686.2765
263.7702,686.2765
263.7702,686.2765
263.7702,686.2765
263.7702,686.2765
263.7702,686.2765
263.7702,686.2765
263.7702,686.2765
315.9617,665.5451
315.9617,665.5451
315.9617,665.5451
315.9617,665.5451
315.9617,665.5451
315.9617,665.5451
282.0826,665.5451
282.0826,665.5451
282.0826,665.5451
282.0826,665.5451
282.0826,697.8976
282.0826,697.8976
282.0826,697.8976
282.0826,697.8976
282.0826,679.8829
282.0826,679.8829
282.0826,679.8829
282.0826,679.8829
282.0826,679.8829
290.6209,666.6154
290.6209,666.6154
290.6209,666.6154
518.0717,21.30358
543.8662,21.30358
689.3071,21.30358
892.7592,21.30358
1194.007,14.19246
1431.834,14.19246
1831.357,21.30358
2104.145,9.451706
2436.756,52.0919
2727.292,52.0919
1762.447,340.9593
2230.667,411.6978
2542.52,418.8089
2721.989,418.8089
3000.4,480.359
3202.706,520.6288
617.1462,-295.9815
878.9825,-295.9815
1091.335,-371.7539
1225.797,-413.8082
1348.401,-559.76
1553.372,-786.4911
1794.45,-1060.017
2119.361,-1187.299
2382.716,-1055.277
2540.281,-921.1768
2809.792,-784.1207
3005.836,-658.9166
3332.478,-314.0657
3521.434,-198.343
3618.271,-80.22346
3739.382,239.5121
3621.228,478.0685
3378.072,579.6221
1855.544,781.6882
1849.939,661.3241
1849.939,496.2012
1849.939,321.0688
1849.939,114.4394
1849.939,-55.11121
1833.143,-288.3692
1844.123,-201.1388
1356.455,-461.9278
1456.118,-362.0859
1673.813,-185.7575
1869.128,46.53529
2109.456,355.3147
2266.245,582.6761
2416.757,799.8184
2606.466,1021.157
2929.661,857.881
2722.484,699.7668
2552.845,517.1641
2284.532,210.0215
2053.085,-102.7029
1778.703,-369.4723
1577.573,-604.0943
1117.539,781.6382
1166.252,768.8283
1166.252,821.1439
1130.906,821.1439
1130.906,790.8204
1211.911,818.9171
1251.161,818.9171
1286.482,818.9171
1312.941,818.9171
1343.831,818.9171
1397.416,820.5571
1445.523,820.5571
1500.446,820.5571
1558.314,820.5571
1619.696,820.5571
1137.926,850.845
1156.809,850.845
1214.677,850.845
1262.713,850.845
1352.668,852.569
1428.411,857.1596
1515.866,857.2241
1601.731,857.2241
1167.791,844.6015
1187.112,844.6015
1214.541,841.7993
1251.731,828.5956
1288.85,839.3652
1341.111,839.3652
1385.769,836.492
1421.815,836.492
1502.584,841.6573
1597.003,844.5305
1642.3,844.5305
1695.504,844.5305
1804.987,848.0429
1873.837,849.7668
1983.256,854.3574
1116.718,792.361
1114.994,843.1746
1145.937,856.8109
1164.037,832.844
1202.448,832.844
1247.248,832.844
1218.598,832.844
1278.695,832.844
1316.324,832.844
1356.893,838.0093
1450.872,845.4731
1482.823,847.1906
1198.404,819.0656
1216.776,819.0656
1262.519,819.0656
1285.995,819.0656
1311.195,819.0656
1346.731,819.0656
1375.381,819.0656
1424.703,820.7895
1463.34,826.4584
1515.969,827.6077
1567.817,827.6077
1603.211,829.3316
1743.346,847.6942
1793.03,854.5834
3773.127,256.3978
3700.775,276.494
3700.775,217.9971
3742.054,195.2052
3637.419,530.3195
3667.232,476.4713
3632.946,446.6902
3585.901,493.8719
3390.585,654.2541
3438.195,623.5369
3404.425,539.5685
3340.504,582.618
3201.583,571.1414
3235.53,541.5217
3168.217,524.6538
3168.217,500.4254
3217.83,-507.2693
3112.304,-665.2981
2791.742,-606.5373
2507.18,-470.9145
2507.18,-331.1563
2606.669,-61.62265
2847.701,-100.7909
3121.715,-176.1274
3248.946,-210.4315
3248.946,-291.6153
3205.23,-570.6062
2926.875,-626.1638
2648.164,-543.8444
2743.312,-87.04562
2948.767,-111.1635
2783.046,-197.1599
2783.046,-347.5957
2900.911,-325.7433
2912.985,-555.5664
2666.221,-505.1048
2921.011,-457.1289
2668.233,-402.8707
2831.86,-370.7362
2879.839,-119.0381
2928.088,-214.5153
4202.694,4.221851
4188.979,-50.47211
4218.708,-32.74223
4196.951,-31.59296
4196.951,-7.761639
4175.84,-7.761639
4174.186,-36.69369
4210.09,-36.69369
4211.744,-18.39563
4193.068,-18.39563
4189.69,-25.21383
4214.845,-25.21383
4206.298,-21.76601
4170.258,-21.76601
4178.159,-13.79854
4203.288,-12.08107
4210.549,-8.775303
4210.549,-51.75697
4198.12,-44.93877
4184.406,-41.49096
4177.655,-25.83367
4181.027,-10.47342
4188.359,8.257229
4209.974,5.965118
4226.996,-10.61546
4213.928,-37.95921
4193.896,-36.3063
4210.549,9.477551
4210.549,9.477551
4210.549,9.477551
4191.596,-36.80989
4191.596,-36.80989
4191.596,-36.80989
4191.596,-36.80989
4206.964,-36.80989
4206.964,-36.80989
4206.964,-36.80989
4201.796,-4.229851
4201.796,-4.229851
4201.796,-4.229851
4408.198,-68.01471
4408.198,-68.01471
4408.198,-68.01471
4408.198,-61.83574
4408.198,-61.83574
4426.944,-60.11829
4426.944,-94.35124
4408.198,-94.35124
4376.176,-90.9034
4376.176,-65.21255
4401.744,-68.51833
4401.744,-86.81638
4455.588,-86.81638
4397.791,-71.39153
4397.791,-71.39153
4402.894,-71.39153
4402.894,-71.39153
4402.894,-71.39153
4420.123,-107.3419
4420.123,-107.3419
4420.123,-107.3419
4429.309,-83.94963
4429.309,-83.94963
4429.309,-83.94963
4424.716,-81.14748
4424.716,-81.14748
4424.716,-81.14748
4405.762,-102.2477
4405.762,-102.2477
4405.762,-102.2477
4396.783,-79.86259
4396.783,-79.86259
4396.783,-79.86259
4395.633,-89.41193
4395.633,-89.41193
4404.754,-70.1002
4404.754,-70.1002
4404.754,-70.1002
4423.566,-82.15469
4423.566,-82.15469
4423.566,-82.15469
4417.39,-82.15469
4417.39,-82.15469
4417.39,-82.15469
4412.933,-74.83289
4418.604,-74.83289
4418.604,-39.01808
4408.915,-61.77117
4396.918,-70.37785
4413.94,-90.76781
4380.704,-78.71332
4404.684,-70.81689
4412.584,-70.81689
3926.599,633.0732
4408.082,646.2059
3768.11,-346.9435
3423.343,-598.5286
3725.087,-515.8679
3952.936,-639.5249
4322.529,-630.8376
4574.564,-607.9134
4769.099,-482.2806
4930.988,-254.2589
5060.61,-195.4811
5248.634,-86.99071
5540.785,54.47694
5730.146,-2.354233
5805.087,77.40114
5964.709,85.15874
6100.116,230.8393
6187.674,60.66556
6295.291,-46.5755
6351.15,-42.86621
6380.162,-18.39566
6381.745,16.34737
6353.03,58.75439
6320.433,55.37758
6292.068,7.069214
6308.237,-30.97313
6308.237,35.40729
6382.617,37.12473
6425.414,27.3688
6396.932,66.90263
6328.218,115.1206
6366.422,76.09039
6316.596,76.09039
6278.76,25.57387
6278.76,-30.67615
6323.922,-46.17203
6367.5,-46.17203
6397.798,-26.7247
6403.541,4.84169
6296.725,63.82928
6282.365,6.701187
6333.411,-106.3089
6364.929,-55.93442
6318.754,-63.90189
6394.425,-73.65781
6400.168,-32.03204
6439.658,10.81404
6393.347,60.03926
6320.756,78.98295
6303.017,63.48064
6303.017,38.86803
6282.41,-14.6702
6264.038,-9.504913
6272.649,43.52971
6370.44,33.40573
6399.452,33.40573
6437.656,-8.794662
6437.656,-8.794662
6400.744,-16.83316
6400.744,-16.83316
6371.519,-74.09039
6371.519,-74.09039
6361.964,-75.74326
6361.964,-75.74326
756.5698,407.5341,aqua,55,830.0275,485.517,35,True
970.21,228.9652,aqua,55,1092.645,314.015,35,True
1246.649,-20.87498,aqua,55,1363.524,65.95026,35,True
1484.751,-200.2607,aqua,55,1598.091,-145.2003,35,True
2103.955,732.4438,aqua,55,1900.017,829.1686,35,True
1933.41,532.9893,aqua,55,1752.251,681.4793,35,True
1773.078,272.7378,aqua,55,1502.379,410.6446,35,True
1626.739,97.47707,aqua,55,1391.911,250.971,35,True
1952.735,161.4517,aqua,55,1968.856,-64.62347,35,True
2272.397,-14.53464,aqua,55,2261.534,-226.1985,35,True
2576.74,-200.0282,aqua,55,2584.225,-444.4425,35,True
2388.848,115.5412,aqua,55,2156.248,270.7112,35,True
2597.767,285.7478,aqua,55,2304.814,507.3695,35,True
2890.72,556.3074,aqua,55,2667.032,693.6637,35,True
3229.532,846.3568,aqua,55,2791.918,984.2635,35,True
4063.445,1103.145,3802.059,990.1706,aqua,35,10
3093.854,-136.1287,2858.249,-332.4275,aqua,35,10
3196.904,-701.2122,2848.837,-375.9345,aqua,35,10
3091.972,-395.5271,2826.827,-409.086,aqua,35,10
