13,0,0,0,0,3,0,0,1
-187.6585,2.549184,red,50,false
116.5746,114.2413,blue,50,false
378.0023,-26.2936,blue,50,false
-652.5947,566.8086,green,50,false
-901.2353,-510.1584,green,50,false
74.1458,-317.2372,yellow,60,false
-1016.363,-728.8848,green,60,false
-1308.69,-853.1318,green,70,false
-1538.842,-1141.581,green,80,false
-1435.369,443.8405,purple,80,false
-683.9972,-1141.455,purple,80,false
-1118.515,-1193.191,black,300,true
-972.6137,230.2918,aqua,30,false
-742.7142,42.94669,-131.8773,-849.2955,True
-1970.76,-152.9512,-1278.881,-547.5981,blue,80,10
-1973.8,-178.0019,-1714.15,116.7119,aqua,50,10
-1379.094,-346.6051,-1692.698,-530.7061,aqua,50,10
