17,26,40,0,0,6
-568.3594,123.3958,red,35,false
-168.4011,354.0416,blue,35,false
284.8281,-53.86457,blue,35,false
828.703,323.0313,blue,35,false
1250.922,-39.55207,blue,35,false
-277.5521,119.4792,white,35,false
168.6354,124.5208,white,35,false
599.6979,144.6875,white,35,false
1050.927,134.6042,white,35,false
1526.708,426.3334,black,75,true
1882.422,5.812537,black,75,true
2320.359,400.4375,black,75,true
2800.162,-57.04168,black,75,true
2008.307,226.9479,white,35,false
2719.318,-295.4271,white,35,false
2881.005,36.23962,white,35,false
4990.463,122.2291,yellow,35,false
378.7917,428.75,30,30,0
378.7917,385.25,30,30,0
376.375,351.4166,30,30,0
804.125,-35.25,30,30,0
804.125,-66.66669,30,30,0
804.125,-117.4167,30,30,0
-111.7916,5.83337,30,30,0
-133.5417,-47.33331,30,30,0
-169.7917,-83.58331,30,30,0
-70.70831,119.4166,30,30,0
-82.79169,158.0834,30,30,0
378.7917,179.8334,30,30,0
485.1251,73.5,30,30,0
823.4584,158.0834,30,30,0
821.0417,100.0834,30,30,0
4523.995,206.5625,30,30,0
4552.984,140.6771,30,30,0
4576.703,85.33337,30,30,0
4587.245,29.98962,30,30,0
4608.328,-12.17706,30,30,0
4629.412,-59.61456,30,30,0
4634.682,-101.7812,30,30,0
4661.037,-180.8437,30,30,0
4687.391,-254.6354,30,30,0
4684.755,-238.8229,30,30,0
4650.495,-159.7604,30,30,0
-432.4062,230.3541
-367.1771,154.6041
-331.4063,102
-442.9271,95.6875
-41.03128,169.3334
-135.7188,171.4375
-87.32292,97.79163
184.1147,108.3125
381.9063,179.8541
394.5313,129.3541
674.3855,146.1875
748.0313,129.3541
922.6771,219.8334
943.7188,144.0834
1169.755,46.60413
1363.901,-5.21875
1587.776,94.28125
1801.286,191.7084
2392.068,200
2676.057,135.7396
2858.474,-113.0104
2790.068,-208.3646
2827.38,-40.45832
2325.734,394.8541
1927.734,-11.4375
1927.734,54.89587
3382.859,227.6459
3511.995,11.54163
3975.828,272.4478
4173.484,40.53125
4292.078,-83.33331
4584.609,235.5521
4800.714,-220.375
3543.62,-349.5104
3382.859,-215.1042
4487.099,-454.927
5103.786,333.0625
5702.026,-349.5104
5512.276,-425.9375
5512.276,174.9375
2229.067,14.17712,1883.828,1,white,35,8
1564.942,-27.98956,1889.099,6.270873,white,35,8
3975.724,-43.80206,3451.276,-46.4375,blue,35,4
4921.838,-75.42706,4434.286,-51.70831,blue,35,4
3024.557,-20.08331,3435.682,-20.08331,white,35,8
3986.484,-170.302,4489.849,-70.15624,white,35,8
