14,9,74,53,0,24
-708.9041,139.6986,yellow,30,false
73.63013,-16.12329,purple,40,false
741.7808,-415.4384,purple,40,false
1654.11,-891.4658,aqua,60,false
1504.452,-812.3561,black,200,true
1513.356,-1026.055,black,200,true
1873.973,-901.3973,black,200,true
-1711.986,-2967.493,black,200,true
-1049.315,-2988.041,black,200,true
-273.6302,-3018.863,black,200,true
502.0548,-3054.822,black,200,true
1195.548,-3018.863,black,200,true
1781.164,-3080.507,black,200,true
222.9452,-5049.685,yellow,35,false
-356.5068,189.3562,30,30,0
-334.2466,109.2192,30,30,0
-294.178,2.369828,30,30,0
409.2466,-100.0274,30,30,0
422.6028,-189.0685,30,30,0
444.863,-264.7534,30,30,0
1005.822,-438.3835,30,30,0
1005.822,-518.5206,30,30,0
1005.822,-634.274,30,30,0
1345.89,-722.9726
1331.507,-749.6849
1308.904,-864.7534
1306.849,-885.3014
1313.014,-992.1507
1313.014,-1016.808
1362.329,-1113.384
1376.712,-1123.658
1460.959,-1187.356
1473.288,-1197.63
1551.37,-1234.616
1571.918,-1240.781
1658.219,-1242.836
1693.151,-1230.507
1791.781,-1187.356
1816.438,-1170.918
1904.795,-1117.493
1931.507,-1092.836
2005.479,-1022.973
2019.863,-996.2603
2034.247,-897.6301
2026.027,-875.0274
2013.699,-854.4794
1960.274,-745.5753
1945.89,-727.0822
1853.425,-659.274
1824.658,-646.9452
1802.055,-636.6712
1711.644,-601.7397
1697.26,-601.7397
1596.575,-591.4658
1567.808,-591.4658
1446.575,-622.2877
1426.027,-634.6165
1403.425,-646.9452
361.6438,-1172.973
318.4931,-1187.356
1628.596,-833.5891
1616.781,-841.2946
1608.048,-850.0275
1598.801,-865.4384
1593.664,-879.822
1590.582,-895.2329
1594.692,-910.1302
1602.397,-924.0001
1613.698,-935.8151
1626.541,-946.0891
1644.52,-953.2809
1660.959,-954.3083
1676.883,-952.2535
1691.267,-942.4932
1704.623,-933.2466
1711.301,-918.8631
1715.411,-900.3699
1717.466,-882.9042
1713.87,-865.4384
1706.678,-850.5411
1693.835,-836.1576
1677.911,-831.0206
1660.959,-828.4521
1645.034,-829.4795
-1338.699,-3410.644
-1174.315,-3513.384
-973.9727,-3677.767
-742.8083,-3878.11
-470.548,-4155.507
-239.3836,-4551.055
746.9178,-4561.329
901.0274,-4314.753
1014.041,-4134.959
1163.014,-3914.069
1399.315,-3652.082
1620.205,-3451.74
1805.137,-3333.589
-1865.753,-2080.507,aqua,20,0,-1,35
-1632.877,-2320.233,aqua,20,0,-1,35
-1324.657,-2128.452,aqua,20,0,-1,35
-934.2465,-2361.329,aqua,20,0,-1,35
-639.726,-2101.055,aqua,20,0,-1,35
-242.4657,-2327.082,aqua,20,0,-1,35
-23.28766,-2087.356,aqua,20,0,-1,35
298.6302,-2464.068,aqua,20,0,-1,35
490.4109,-2203.794,aqua,20,0,-1,35
-2173.973,-2327.082,aqua,20,0,-1,35
863.3562,-2432.562,aqua,20,0,-1,35
-1466.096,-1892.493,aqua,20,0,-1,35
-991.0959,-1742.836,aqua,20,0,-1,35
-2090.754,-1652.767,aqua,20,0,-1,35
-2071.233,-1236.329,aqua,20,0,-1,35
-2058.219,-709.2739,aqua,20,0,-1,35
-1596.233,-572.6301,aqua,20,0,-1,35
-1615.754,-1060.644,aqua,20,0,-1,35
-1700.343,-1444.548,aqua,20,0,-1,35
-503.0822,-1711.329,aqua,20,0,-1,35
-626.7123,-1171.26,aqua,20,0,-1,35
-808.9042,-715.7808,aqua,20,0,-1,35
199.6575,-1711.329,aqua,20,0,-1,35
89.0411,-1249.342,aqua,20,0,-1,35
43.49315,-670.2328,aqua,20,0,-1,35
648.6302,-702.7671,aqua,20,0,-1,35
394.863,-930.5068,aqua,20,0,-1,35
642.1233,-1451.055,aqua,20,0,-1,35
733.2192,-1828.452,aqua,20,0,-1,35
1351.37,-2257.904,aqua,20,0,-1,35
1240.753,-1978.11,aqua,20,0,-1,35
1110.616,-1333.932,aqua,20,0,-1,35
856.8494,-1041.123,aqua,20,0,-1,35
1800.343,-1581.192,aqua,20,0,-1,35
1722.26,-2114.753,aqua,20,0,-1,35
1429.452,-1600.712,aqua,20,0,-1,35
-2012.671,398.2603,aqua,20,0,-1,35
-1479.11,808.1919,aqua,20,0,-1,35
-2559.247,-206.8767,aqua,20,0,-1,35
-1928.082,-141.8082,aqua,20,0,-1,35
-1427.055,352.7124,aqua,20,0,-1,35
-1153.767,20.86305,aqua,20,0,-1,35
-821.9178,710.5892,aqua,20,0,-1,35
-346.9178,756.137,aqua,20,0,-1,35
-516.0959,-265.4383,aqua,20,0,-1,35
-80.13699,-278.452,aqua,20,0,-1,35
401.3699,-460.6438,aqua,20,0,-1,35
362.3288,528.3974,aqua,20,0,-1,35
993.4932,482.8494,aqua,20,0,-1,35
954.4521,-31.19172,aqua,20,0,-1,35
23.9726,300.6576,aqua,20,0,-1,35
1618.151,196.5481,aqua,20,0,-1,35
1422.945,-219.8904,aqua,20,0,-1,35
1321.233,-949,1641.781,-903.7945,orange,30,35
1613.014,-1251.055,1666.438,-897.6301,orange,30,35
2056.849,-963.3835,1647.945,-901.7397,orange,30,35
1643.836,-591.4658,1662.329,-909.9589,orange,30,35
1376.712,-685.9863,1660.274,-887.3561,green,30,35
1426.027,-1160.644,1652.055,-887.3561,green,30,35
1869.863,-1148.315,1656.164,-885.3014,green,30,35
1902.74,-683.9315,1652.055,-889.4109,green,30,35
1323.288,-813.3835,1676.712,-895.5753,blue,30,35
1504.11,-605.8493,1635.616,-881.1918,blue,30,35
1333.562,-1074.343,1645.89,-891.4658,blue,30,35
1506.164,-1216.123,1668.493,-877.0822,blue,30,35
1744.521,-1212.014,1664.384,-889.4109,blue,30,35
1972.603,-1053.795,1643.836,-879.137,blue,30,35
1980.822,-799,1650,-887.3561,blue,30,35
1754.795,-620.2328,1641.781,-905.8493,blue,30,35
-1011.13,-377.9384,-771.404,-593.6918,red,40,20
-387.8423,-749.5137,-825.3423,-917.3219,red,40,20
-1005.137,-1276.911,-687.4998,-1486.671,red,40,20
-220.0341,-1558.589,-723.4588,-1930.164,red,40,20
-1364.726,-1654.479,-777.3971,-1408.76,orange,40,-20
-1238.87,-863.3835,-981.1643,-713.5547,orange,40,-20
-238.0135,-1228.966,-567.637,-1067.151,orange,40,-20
-507.7053,-2133.931,-663.5273,-1906.192,orange,40,-20
