5,0,44,9,0,17
-654.5574,50.53765,red,45,false
245.0462,71.6737,black,200,true
1551.585,106.0198,black,300,true
966.5125,72.99472,orange,60,false
3849.802,-55.14265,yellow,60,false
-341.1492,-78.92073
-288.3091,61.10568
-240.753,181.317
-132.4307,267.1823
-272.4571,-351.0475
-244.7159,-426.3448
-150.9247,-565.9088
-30.71335,-621.391
192.5363,-621.391
193.8573,-417.9564
51.18889,-447.0185
209.7094,-510.4267
180.6473,-227.7318
-72.98547,-243.5839
104.0291,-197.3488
217.6354,-124.6935
254.0291,259.7847
308.1902,239.9696
362.3514,200.3395
392.7345,163.3514
416.5125,113.1533
429.7226,70.88113
423.1176,27.28799
331.9683,313.9459
407.2655,253.1796
485.2047,172.5984
495.7727,117.1162
523.5139,47.10306
435.0066,336.4029
527.4769,191.0925
601.4531,16.71994
602.7741,270.3527
746.7635,142.2153
1001.849,108.6618
1020.343,82.24172
1016.38,57.14268
1000.528,30.72257
966.1823,20.15455
933.1572,32.04359
921.2682,55.82167
918.6262,83.56274
927.8732,107.3408
952.9723,119.2299
979.3924,123.1929
2081.176,-456.7278,orange,60,0,1,40
2432.563,-456.7278,orange,60,0,1,40
2679.591,-450.1228,orange,60,0,1,40
2970.211,-456.7278,orange,60,0,1,40
3181.572,-455.4068,orange,60,0,1,40
2218.56,423.0608,red,60,0,-1,40
2560.7,441.5548,red,60,0,-1,40
2834.148,432.3078,red,60,0,-1,40
3111.559,445.5178,red,60,0,-1,40
237.1202,247.3672,234.4782,78.27873,red,20,20
305.8123,300.2074,231.8362,69.03172,red,30,20
402.2457,327.9485,226.5522,59.78466,red,35,20
568.6922,267.1823,252.9722,74.31573,red,40,20
242.4042,-96.09379,239.7622,80.92076,aqua,30,20
136.7239,-177.996,239.7622,72.99472,aqua,35,20
-32.36462,-232.1572,249.0092,65.06867,aqua,40,20
-256.9353,-251.9722,243.7252,62.4267,aqua,45,20
702.1136,148.2919,249.0092,72.99472,red,50,20
1305.878,108.6618,1537.054,107.3408,green,50,20
1557.926,-111.9458,1544.716,117.9088,green,50,20
1775.892,112.6248,1532.827,112.6248,green,50,20
1544.716,327.9485,1546.037,125.8349,green,50,20
1767.966,329.2695,1543.395,104.6988,blue,50,22
1787.781,-94.77277,1524.901,113.9458,blue,50,22
1305.614,-98.73579,1530.185,133.7609,blue,50,22
1317.503,308.1334,1552.642,115.2669,blue,50,22
