13,0,15,27,0,14,1,5
-1551.163,8.577705,red,40,false
1097.55,31.09043,black,500,true
2314.637,38.63857,black,500,true
3610.561,7.802499,yellow,35,false
4074.492,16.88022,yellow,30,false
4486.994,16.22252,yellow,30,false
4897.972,14.44491,yellow,30,false
3232.066,293.8539,red,50,false
3232.755,29.26724,red,50,false
3234.995,-281.6876,red,50,false
5351.919,14.64542,yellow,30,false
-122.2014,67.54298,blue,60,false
5806.744,18.14189,blue,60,false
-43.68256,71.66344
-50.16665,102.1687
-68.49776,127.3993
-95.50629,142.9927
-126.5222,146.2526
-156.1826,136.6153
-179.3588,115.7473
-192.0436,87.25681
-192.0436,56.07006
-179.3588,27.57954
-156.1826,6.711536
-126.5222,-2.925699
-95.50627,0.3342085
-68.49775,15.92759
-50.16664,41.15821
-1396.326,417.4305,blue,35,-1402.111,-382.9716,20,True
-1084.425,327.4412,blue,35,-1075.081,-533.8514,20,True
-800.7571,611.1007,blue,35,-784.571,-368.9852,20,True
-1271.817,-348.5643,blue,35,-1294.455,344.7879,20,True
-921.7675,-185.82,blue,35,-913.2891,225.2237,20,True
-625.5679,-516.4961,blue,35,-635.3021,251.0575,20,True
3656.824,517.5704,aqua,1,3556.618,-146.9648,300,True
3864.707,192.6948,aqua,1,3911.512,-326.9331,300,True
4186.496,522.7255,aqua,1,4257.761,-233.37,300,True
4545.721,-356.7797,aqua,1,4560.487,420.209,300,True
4236.595,-250.1094,aqua,1,4258.223,317.8288,300,True
4859.261,485.6736,aqua,1,5131.003,-171.1467,300,True
4645.393,260.2154,aqua,1,4790.431,-318.276,300,True
3850.083,-573.2666,aqua,1,3696.542,189.6787,300,True
5268.978,199.041,aqua,1,5265.813,-456.5172,300,True
3967.687,671.7172,purple,1,3919.208,-157.529,350,True
4351.584,-508.7451,purple,1,4344.282,328.6236,350,True
4635.159,638.3705,purple,1,4834.765,-366.224,350,True
5350.7,-445.9534,purple,1,5143.09,143.6396,350,True
5009.311,-338.119,purple,1,4985.782,151.6528,350,True
4480.787,173.4584,purple,1,4621.768,-165.7061,350,True
3689.491,-556.4952,purple,1,3946.911,69.59863,350,True
4015.774,-505.2718,purple,1,3889.006,357.0476,350,True
3639.298,191.5266,purple,1,3794.281,-240.3488,350,True
4861.968,255.3028,purple,1,4857.911,-160.0268,350,True
4702.326,-650.7193,purple,1,4674.732,46.36176,350,True
5139.653,607.8497,purple,1,5153.446,-84.17175,350,True
646.7327,29.71933,1098.52,19.4145,yellow,45,15
2929.996,11.85911,2309.196,28.41394,yellow,45,15
-413.928,489.8511,-116.0025,63.99228,purple,30,15
243.9696,440.305,-112.6636,59.32031,aqua,35,15
-636.8054,58.96701,-117.0166,60.99535,orange,40,15
-309.1043,-409.8514,-120.9707,58.48838,red,25,15
377.9193,108.1826,-120.458,73.31355,red,25,15
220.8764,-317.5795,-118.2682,73.89965,green,40,15
1546.391,10.69493,1097.66,17.99698,yellow,35,15
1092.183,-431.2605,1098.494,21.28564,yellow,35,15
1103.444,482.549,1097.66,3.857894,yellow,35,15
2286.696,642.6802,2296.733,26.22886,yellow,40,15
1692.91,12.45893,2317.497,-0.9280612,yellow,40,15
2327.384,-624.4558,2303.878,-1.980962,yellow,40,15
3711.373,14.20376
3436.446,9.140682
4304.103,19.37217
4724.802,19.5504
3889.46,15.40711
5119.884,22.33715
