18,93,141,2,0,0
-1093.464,162.6875,red,35,false
198.6823,85.98962,black,50,true
-175.4375,513.125,yellow,40,false
164.1875,-175.875,yellow,40,false
-333.0625,186.5,blue,30,false
551.7709,60.0417,yellow,30,false
2541.031,189.3958,yellow,30,false
2789.552,425.3333,yellow,30,false
2865.052,101.3125,yellow,30,false
3154.469,576.3333,yellow,30,false
3176.489,-137.7709,yellow,30,false
2632.26,-128.3334,yellow,30,false
3513.094,179.9583,yellow,30,false
3544.552,850.0208,yellow,30,false
3239.406,340.3958,yellow,30,false
2792.698,850.0208,yellow,30,false
3623.198,-251.0208,yellow,30,false
4574.823,220.8542,yellow,30,false
-539.9948,473.625,30,30,0
-488.1719,473.625,30,30,0
-448.7865,452.8959,30,30,0
-442.5677,417.6563,30,30,0
-459.151,380.3438,30,30,0
-486.0989,363.7604,30,30,0
-519.2656,372.0521,30,30,0
-525.4844,409.3646,30,30,0
-533.7761,432.1666,30,30,0
-187.599,-28.02082,30,30,0
-164.7969,-63.26043,30,30,0
-164.7969,-102.6458,30,30,0
-181.3802,-137.8854,30,30,0
-224.9115,-139.9583,30,30,0
-258.0781,-117.1563,30,30,0
-268.4427,-86.0625,30,30,0
-251.8594,-57.04168,30,30,0
-226.9843,-28.02082,30,30,0
213.1927,355.4688,30,30,0
213.1927,307.7916,30,30,0
167.5885,287.0625,30,30,0
115.7656,309.8646,30,30,0
134.4219,372.0521,30,30,0
177.9531,399,30,30,0
217.3229,99.41667,30,30,0
228.2604,61.91666,30,30,0
190.7604,50.45834,30,30,0
126.6979,80.14584,30,30,0
150.6563,127.0208,30,30,0
194.4062,130.6667,30,30,0
165.4375,51.62501,30,30,0
1084.969,1067.083,30,30,0
1100.698,1016.75,30,30,0
1103.844,950.6875,30,30,0
1103.844,900.3542,30,30,0
1110.135,837.4375,30,30,0
1116.427,796.5417,30,30,0
1116.427,774.5208,30,30,0
1116.427,705.3125,30,30,0
1110.135,623.5208,30,30,0
1110.135,554.3125,30,30,0
1110.135,503.9792,30,30,0
1110.135,453.6458,30,30,0
1110.135,412.75,30,30,0
1113.281,343.5417,30,30,0
1113.281,274.3333,30,30,0
1106.99,195.6875,30,30,0
1106.99,104.4583,30,30,0
1103.844,13.22914,30,30,0
1119.573,57.27086,30,30,0
1119.573,132.7708,30,30,0
1119.573,-11.9375,30,30,0
1110.135,-81.14586,30,30,0
1119.573,-144.0625,30,30,0
1113.281,-216.4167,30,30,0
1113.281,-288.7708,30,30,0
1113.281,-354.8333,30,30,0
1113.281,-414.6042,30,30,0
1116.427,-471.2291,30,30,0
1116.427,-534.1458,30,30,0
1116.427,-622.2292,30,30,0
1116.427,-675.7083,30,30,0
1116.427,-587.625,30,30,0
1125.865,-52.83336,30,30,0
1110.135,227.1458,30,30,0
1106.99,673.8542,30,30,0
2085.344,1111.125,30,30,0
2085.344,1057.646,30,30,0
2085.344,997.875,30,30,0
2085.344,938.1042,30,30,0
2079.052,859.4583,30,30,0
2075.906,793.3958,30,30,0
2079.052,727.3333,30,30,0
2075.906,670.7083,30,30,0
2075.906,632.9583,30,30,0
2075.906,582.625,30,30,0
2075.906,497.6875,30,30,0
2075.906,397.0208,30,30,0
2075.906,283.7708,30,30,0
2085.344,186.25,30,30,0
2082.198,110.75,30,30,0
2082.198,66.70836,30,30,0
2079.052,-37.10414,30,30,0
2085.344,-197.5417,30,30,0
2069.615,-279.3333,30,30,0
2069.615,-383.1458,30,30,0
2079.052,-449.2084,30,30,0
2079.052,-493.25,30,30,0
2079.052,-543.5833,30,30,0
2079.052,-590.7708,30,30,0
2091.635,-666.2708,30,30,0
2082.198,-106.3125,30,30,0
2069.615,296.3542,30,30,0
-508.901,425.9479
-508.901,423.875
-508.901,423.875
-508.901,423.875
-502.6823,425.9479
-490.2448,425.9479
-490.2448,425.9479
-490.2448,409.3646
-494.3906,409.3646
-513.0468,409.3646
-515.1198,419.7291
-504.7552,450.8229
-490.2448,450.8229
-481.9531,428.0209
-457.0781,421.8021
-473.6615,413.5104
-502.6823,392.7813
-220.7657,-54.96875
-202.1093,-63.26043
-183.4531,-90.20832
-212.474,-83.98957
-241.4948,-75.69793
-216.6198,-117.1563
-237.349,-98.5
-195.8907,-90.20832
-200.0364,-104.7188
-195.8907,-81.91668
-224.9115,-61.1875
-226.9843,-86.0625
-222.8386,-77.77082
-204.1823,-110.9375
-216.6198,-100.5729
-189.6719,-46.67707
161.3698,340.9584
165.5156,318.1563
180.026,324.375
211.1197,336.8125
196.6094,349.25
182.0989,355.4688
151.0051,353.3959
175.8802,372.0521
128.2031,330.5938
138.5677,305.7188
146.8593,326.4479
167.5885,320.2291
175.8802,305.7188
200.7552,324.375
200.6563,87.95834
195.9688,74.9375
187.1146,83.27084
192.8438,102.5417
206.9063,102.5417
214.7188,91.08333
216.8021,80.14584
211.0729,73.89584
198.5729,71.8125
179.3021,72.85416
186.5938,97.33333
206.3854,95.25
203.7813,81.70834
191.8021,91.08333
173.5625,87.37498
157.3125,90.62498
158.9375,71.12502
171.9375,72.74998
171.9375,87.37498
170.3125,111.75
197.9375,108.5
176.8125,106.875
165.4375,95.49998
181.6875,102
189.8125,113.375
215.8125,102
214.1875,69.5
176.8125,84.125
181.6875,100.375
181.6875,93.875
167.0625,85.75002
-914.5626,204.375
-834.9376,204.375
-750.4375,206
-628.5625,215.75
-552.1875,215.75
-414.0625,217.375
-321.4375,222.25
-225.5625,196.25
-98.81246,173.5
27.93748,141
94.5625,118.25
1802.531,469.375
1554.01,129.625
1815.115,123.3333
1761.635,1060.792
1286.615,821.7083
1695.573,730.4792
1494.24,-43.39586
1915.781,-153.5
1509.969,-317.0833
1277.177,330.9583
1629.51,277.4792
1931.51,299.5
1352.677,-433.4792
2426.906,614.0833
2876.76,592.0625
3062.365,507.125
3295.156,491.3958
3354.927,576.3333
3471.323,601.5
3625.469,560.6042
3722.99,403.3125
3776.469,261.75
4072.177,227.1458
4289.24,220.8542
3855.115,32.10414
3616.031,28.95836
3386.385,54.125
3166.177,157.9375
3166.177,186.25
3163.031,274.3333
3166.177,403.3125
3285.719,459.9375
2823.281,346.6875
2502.406,340.3958
4543.364,884.625
4543.364,837.4375
4543.364,768.2292
4543.364,739.9167
4543.364,689.5833
4543.364,614.0833
4543.364,570.0417
4543.364,507.125
4543.364,466.2292
4543.364,431.625
4555.948,343.5417
4603.136,368.7083
4659.761,409.6042
4694.365,450.5
4738.406,497.6875
4499.323,393.875
4417.531,456.7917
4351.469,500.8333
1367.302,1041.917,yellow,30,0,-1,15
1832.885,-609.6458,yellow,30,0,1,15
