34,45,149,107,0,0
-695.9635,107.7708,red,35,false
18032.49,-587.5416,purple,35,false
17678.06,-87.54163,purple,35,false
18333.27,317.1458,purple,35,false
18468.16,-5.640625,purple,35,false
17947.85,399.0469,purple,35,false
18945.57,-455.25,purple,35,false
18716.41,215.0625,purple,35,false
19203.38,598.9166,purple,35,false
19128.91,71.83342,purple,35,false
19953.91,358.2916,purple,35,false
19856.51,-483.8958,purple,35,false
19380.99,-197.4375,purple,35,false
20097.13,129.125,purple,35,false
19592.97,472.875,purple,35,false
19621.62,94.74998,purple,35,false
20675.78,-495.3542,purple,35,false
20939.32,335.375,purple,35,false
20372.13,518.7084,purple,35,false
20435.16,-65.6666,purple,35,false
22409.38,615.5834,black,900,true
22422.98,-801.6041,black,900,true
23984.57,-16.44785,black,900,true
23862.44,1580.036,black,900,true
24019.47,-1569.313,black,900,true
25546.16,803.6043,black,900,true
25668.3,-853.9479,black,900,true
22379.36,-103.6875,purple,35,false
23443.69,585.5051,purple,35,false
24516.73,733.8125,purple,35,false
25048.89,-156.0313,purple,35,false
24569.08,-819.0521,purple,35,false
23583.27,-819.0521,purple,35,false
25931.71,-83.50525,yellow,35,false
18126.3,-82.8541,30,30,0
18607.55,598.9166,30,30,0
18739.32,89.02092,30,30,0
18905.47,152.0415,30,30,0
18991.41,-254.7292,30,30,0
19340.88,-260.4583,30,30,0
19352.34,432.7709,30,30,0
19810.68,535.8959,30,30,0
19810.68,255.1665,30,30,0
20148.7,-220.3541,30,30,0
20349.22,352.5625,30,30,0
21116.93,633.2916,30,30,0
21105.47,163.5,30,30,0
20727.34,163.5,30,30,0
19827.87,-105.7709,30,30,0
19352.34,100.479,30,30,0
18475.78,-329.2083,30,30,0
17364.32,25.99998,30,30,0
17238.28,478.6041,30,30,0
20761.72,-283.375,30,30,0
21094.01,-615.6667,30,30,0
19260.68,-684.4167,30,30,0
18378.38,-581.2917,30,30,0
17622.13,-455.25,30,30,0
17925.78,232.25,30,30,0
18240.88,558.8125,30,30,0
18968.49,364.0209,30,30,0
24517.25,1870.661,30,30,0
24560.87,1844.49,30,30,0
24656.84,1809.594,30,30,0
24752.8,1800.87,30,30,0
24857.49,1748.526,30,30,0
25014.52,1661.286,30,30,0
25171.55,1591.495,30,30,0
25223.89,1574.047,30,30,0
25380.92,1425.74,30,30,0
24709.18,-1828.297,30,30,0
24953.45,-1723.609,30,30,0
25171.55,-1636.37,30,30,0
25302.41,-1496.786,30,30,0
25372.2,-1418.271,30,30,0
25241.34,-1662.542,30,30,0
25093.03,-1679.99,30,30,0
24857.49,-1784.677,30,30,0
24621.94,-1898.089,30,30,0
-308.9846,-393.7917
-237.3696,-328.6875
-68.09888,-204.9895
153.2554,-29.20829
361.5886,74.95827
576.4321,179.125
797.7866,185.6353
1168.88,192.1459
1266.536,94.48952
1377.214,-35.71876
1552.995,-191.9688
1735.286,-465.4063
1917.578,-550.0417
2028.255,-452.3854
2099.87,-237.5417
2132.422,-29.20829
2295.182,263.7603
2529.557,328.8647
2737.891,328.8647
2913.672,257.25
2972.266,153.0834
3037.37,-42.22923
3037.37,-250.5625
3037.37,-576.0833
3369.401,-569.5729
3532.161,-270.0938
3584.245,-107.3333
3603.776,87.97921
3694.922,185.6353
4007.422,159.5938
4092.058,16.36452
4202.734,-146.3958
4280.859,-335.198
4365.495,-602.125
4866.797,-602.125
4997.005,-491.4479
5179.297,-380.7708
5556.901,-250.5625
5628.516,9.85421
5635.026,335.375
5635.026,550.2188
5661.068,218.1875
5823.828,-231.0313
6233.984,-550.0417
6579.037,-621.6563
6657.161,-374.2605
6663.672,179.125
6819.922,-348.2188
7109.245,-563.0625
7708.203,-504.4688
7929.558,-107.3333
8242.058,-48.73954
8411.328,-48.73954
8541.536,-48.73954
8795.443,-48.73954
8945.183,-48.73954
9088.411,-48.73954
9270.703,-48.73954
9846.745,-634.6771
10061.59,-634.6771
10295.96,-634.6771
10484.77,-634.6771
10738.67,-634.6771
11038.15,-634.6771
11396.22,-634.6771
10165.75,42.40624
10419.66,42.40624
10641.02,42.40624
10816.8,42.40624
11044.66,42.40624
11532.94,42.40624
12559.5,250.7397
12852.47,250.7397
13236.59,250.7397
13607.68,250.7397
14297.79,224.6978
13021.74,-634.6771
13620.7,-634.6771
13991.8,-634.6771
14623.31,-634.6771
14903.25,-634.6771
13282.16,-250.5625
13438.41,-250.5625
14030.86,-250.5625
14486.59,-224.5208
15176.69,-211.5
15821.22,-224.5208
14910.03,237.7188
15632.68,237.7188
16127.47,231.2084
16563.67,231.2084
16817.58,231.2084
16231.64,-348.2188
16635.29,-361.2395
17240.75,-361.2395
15548.05,-667.2292
15814.97,-667.2292
16160.03,-777.9063
16394.4,-823.4792
17221.22,-856.0313
17292.84,-719.3125
18810.29,-250.5625
18230.86,-270.0938
18393.62,250.7397
19500.39,289.8022
19526.43,706.4688
19526.43,-745.3542
20229.56,-100.823
18289.45,-139.8855
19812.89,-139.8855
20457.42,517.6666
20457.42,-35.71876
20711.33,-35.71876
20398.83,-738.8438
20027.73,-458.8958
20314.19,-458.8958
19376.69,-458.8958
18719.14,-634.6771
18693.1,491.625
18868.88,498.1353
19311.59,367.9272
19637.11,-400.302
19637.11,-231.0313
19956.12,-725.8229
21069.4,-211.5
20841.54,537.1978
20092.84,739.0209
20105.86,491.625
20633.2,-803.9479
22463.93,-57.33328
22815.49,242.1459
23134.51,489.5416
23655.34,632.7709
23961.33,632.7709
24156.64,684.8541
24612.37,606.7291
24794.66,372.3541
24957.42,40.32297
25315.49,-141.9688
25693.1,-135.4583
24989.97,-311.2395
24931.38,-454.4688
24794.66,-721.3958
24430.08,-819.0521
24169.66,-825.5625
23850.65,-819.0521
23375.39,-669.3125
22939.19,-428.4271
22698.31,-272.177
-256.6405,374.4374,aqua,35,1,0,150
-346.4844,-23.99997,aqua,35,1,0,150
48.04681,65.84375,aqua,35,1,0,150
188.6719,452.5625,aqua,35,1,0,150
387.8906,-203.6875,aqua,35,1,0,150
680.8593,46.31253,aqua,35,1,0,150
1196.484,472.0938,aqua,35,1,0,150
1555.859,-113.8438,aqua,35,1,0,150
1985.221,439.5415,aqua,35,1,0,150
1528.19,278.7344,aqua,35,1,0,150
2323.763,-271.3958,aqua,35,1,0,150
1426.627,-601.4739,aqua,35,1,0,150
2806.185,533.2915,aqua,35,1,0,150
3832.878,25.34888,aqua,35,1,0,150
5032.487,436.0259,aqua,35,1,0,150
6296.94,-374.5208,aqua,35,1,0,150
4935.221,-320.4844,aqua,35,1,0,150
3465.43,-850.0417,aqua,35,1,0,150
6005.599,418.4481,aqua,35,1,0,150
7689.453,432.25,aqua,35,1,0,150
7965.495,-589.1041,aqua,35,1,0,150
5922.787,-837.5416,aqua,35,1,0,150
6902.735,225.2188,aqua,35,1,0,150
9649.349,777.3019,aqua,35,1,0,150
1961.589,-50.82281,aqua,35,1,0,175
3466.016,266.625,aqua,35,1,0,175
4487.37,570.2706,aqua,35,1,0,175
4031.901,-478.6875,aqua,35,1,0,175
5867.579,-78.42719,aqua,35,1,0,175
7040.755,818.7081,aqua,35,1,0,175
7054.558,-382.0728,aqua,35,1,0,175
7661.849,-64.625,aqua,35,1,0,175
8904.037,-271.6563,aqua,35,1,0,175
8324.35,321.8331,aqua,35,1,0,175
9759.766,101,aqua,35,1,0,175
2831.12,-616.7084,aqua,35,1,0,175
954.0361,-437.2813,aqua,35,1,0,200
-205.3389,-547.6978,aqua,35,1,0,200
346.7451,873.9169,aqua,35,1,0,200
816.0156,542.6669,aqua,35,1,0,200
2858.724,-37.02094,aqua,35,1,0,200
3604.037,-382.0728,aqua,35,1,0,200
3811.068,501.2606,aqua,35,1,0,200
4528.776,197.6144,aqua,35,1,0,200
4680.599,-823.7397,aqua,35,1,0,200
5494.921,45.79156,aqua,35,1,0,200
7026.954,-961.7603,aqua,35,1,0,200
8931.641,-878.9478,aqua,35,1,0,200
8379.557,-161.2397,aqua,35,1,0,200
8959.244,528.8644,aqua,35,1,0,200
9787.37,-754.7291,aqua,35,1,0,200
10684.5,-382.0728,aqua,35,1,0,200
8874.023,139.2813,orange,35,1,0,150
9430.014,1163.891,orange,35,1,0,150
9533.269,425.2188,orange,35,1,0,150
10597.59,425.2188,orange,35,1,0,150
7372.852,-504.0781,orange,35,1,0,150
7349.023,314.0207,orange,35,1,0,150
7349.023,615.8438,orange,35,1,0,150
8500.716,-694.7031,orange,35,1,0,150
9517.383,-424.651,orange,35,1,0,150
10629.36,-869.4427,orange,35,1,0,150
10184.57,-400.8228,orange,35,1,0,150
11820.77,-400.8228,orange,35,1,0,150
11119.73,-133.6353,orange,35,1,0,150
11500.72,611.0263,orange,35,1,0,150
12453.19,108.8125,orange,35,1,0,150
13059.31,-410.7188,orange,35,1,0,150
11795.12,-670.4844,orange,35,1,0,150
13907.88,593.7081,orange,35,1,0,150
15224.02,437.8487,orange,35,1,0,150
15224.02,-64.36432,orange,35,1,0,150
14427.41,-47.04688,orange,35,1,0,150
12903.45,576.3906,orange,35,1,0,150
13925.2,-843.6616,orange,35,1,0,150
12435.87,-635.8491,orange,35,1,0,150
13371.03,22.22369,orange,35,1,0,150
14600.59,-479.9897,orange,35,1,0,150
15951.37,-479.9897,orange,35,1,0,150
15968.68,368.5781,orange,35,1,0,150
15622.33,4.90625,orange,35,1,0,150
11656.58,22.22369,orange,35,1,0,175
12539.78,628.3438,orange,35,1,0,175
13855.92,281.9893,orange,35,1,0,175
12678.32,-168.271,orange,35,1,0,175
14029.1,-289.4947,orange,35,1,0,175
13180.53,-826.3438,orange,35,1,0,175
15691.6,-860.9791,orange,35,1,0,175
14704.49,420.5313,orange,35,1,0,175
15293.29,-497.3072,orange,35,1,0,175
14583.27,-843.6616,orange,35,1,0,175
11950.98,351.2607,orange,35,1,0,275
11275.59,-479.9897,orange,35,1,0,275
12990.04,-12.41119,orange,35,1,0,275
13457.62,420.5313,orange,35,1,0,275
13388.35,-410.7188,orange,35,1,0,275
14877.67,-99,orange,35,1,0,275
14358.14,333.9424,orange,35,1,0,275
15120.12,-878.2969,orange,35,1,0,275
12228.06,-1172.698,orange,35,1,0,275
11933.66,974.6981,orange,35,1,0,275
14184.96,1511.547,orange,35,1,0,275
14323.5,-1224.651,orange,35,1,0,275
16626.76,-99,orange,35,1,0,275
16020.64,-116.3178,orange,35,1,0,275
16592.12,-635.8491,orange,35,1,0,275
16921.16,576.3906,orange,35,1,0,275
