3,0,104,10,0,0
-531.901,83.03124,red,35,false
1386.133,238.7604,blue,35,false
4023.763,232.7709,yellow,35,false
1391.406,278.0834
1451.302,278.0834
1459.115,262.4584
1498.177,262.4584
1537.24,265.0625
1539.844,246.8334
1594.531,244.2291
1654.427,244.2291
1680.469,246.8334
1740.365,246.8334
1748.177,218.1875
1782.031,218.1875
1815.885,218.1875
1852.344,220.7916
1912.24,220.7916
1972.135,223.3959
2013.802,228.6041
2016.406,246.8334
2042.448,246.8334
2094.531,244.2291
2151.823,244.2291
2229.948,244.2291
2295.052,244.2291
2391.406,244.2291
2479.948,252.0416
2537.24,252.0416
2594.531,231.2084
2659.635,252.0416
2701.302,205.1666
2745.573,205.1666
2815.885,205.1666
2854.948,205.1666
2914.844,199.9584
2964.323,199.9584
3011.198,199.9584
3047.656,202.5625
3115.365,212.9791
3177.865,212.9791
3240.365,212.9791
3295.052,212.9791
3357.552,212.9791
3375.781,244.2291
3417.448,244.2291
3464.323,249.4375
3519.01,249.4375
3560.677,252.0416
3636.198,265.0625
3693.49,270.2709
3761.198,272.875
3800.26,272.875
3852.344,275.4791
3886.198,278.0834
3930.469,278.0834
3972.135,285.8959
4013.802,285.8959
4050.26,270.2709
4068.49,257.25
4065.885,226
1373.698,265.0625
1358.073,233.8125
1373.698,212.9791
1404.948,210.375
1441.406,239.0209
1423.177,259.8541
1404.948,275.4791
1384.115,275.4791
1371.094,254.6459
1332.031,275.4791
1342.448,231.2084
1352.865,192.1459
1384.115,192.1459
1417.969,197.3541
1446.615,223.3959
1371.094,291.1041
1332.031,259.8541
1319.01,220.7916
1345.052,163.5
1404.948,171.3125
1313.802,246.8334
1321.615,327.5625
760.6771,489.0208
864.8438,335.375
638.2814,304.125
424.7397,153.0834
130.4687,223.3959
-75.26044,317.1459
-75.26044,127.0416
-359.1146,56.72919
-551.8229,332.7709
607.0313,-180.25
617.448,51.52082
-93.48953,-102.125
-525.7812,-143.7917
-723.6979,108.8125
-728.9063,517.6666
-296.6146,460.375
91.4063,585.375
424.7397,572.3541
758.0729,739.0208
903.9063,-177.6458
1075.781,77.5625
1044.531,509.8541
1091.406,-221.9167
136.7187,-146.3958
-787.3047,314.4115,red,35,1,0,75
-35.87235,439.0209,red,35,1,0,75
-300.1953,-82.07294,red,35,1,0,75
168.0337,53.86464,red,35,1,0,75
-836.3932,-78.29688,red,35,1,0,75
-315.2995,246.4428,red,35,1,0,150
329.2318,-105.6406,blue,35,1,1,150
844.3359,2.171875,blue,35,1,1,150
275.3256,430.4271,blue,35,1,-1,150
652.6693,550.2188,blue,35,1,-1,150
